Iteration Number: 0
Length of paths: 1
Lenght of pathtime:2
Paths:[[0 3]]
Pathstime:[[0 3, 0 4], [0 3, 0 2]]
Iteration Number: 1
Length of paths: 2
Lenght of pathtime:3
Paths:[[0 3, 0 4], [0 3, 0 2]]
Pathstime:[[0 3, 0 4, 0 5], [0 3, 0 2, 0 1], [0 3, 0 2, 1 2]]
Iteration Number: 2
Length of paths: 3
Lenght of pathtime:5
Paths:[[0 3, 0 4, 0 5], [0 3, 0 2, 0 1], [0 3, 0 2, 1 2]]
Pathstime:[[0 3, 0 4, 0 5, 0 6], [0 3, 0 4, 0 5, 1 5], [0 3, 0 2, 0 1, 0 0], [0 3, 0 2, 0 1, 1 1], [0 3, 0 2, 1 2, 2 2]]
Iteration Number: 3
Length of paths: 5
Lenght of pathtime:6
Paths:[[0 3, 0 4, 0 5, 0 6], [0 3, 0 4, 0 5, 1 5], [0 3, 0 2, 0 1, 0 0], [0 3, 0 2, 0 1, 1 1], [0 3, 0 2, 1 2, 2 2]]
Pathstime:[[0 3, 0 4, 0 5, 0 6, 0 7], [0 3, 0 4, 0 5, 1 5, 2 5], [0 3, 0 2, 0 1, 0 0, 1 0], [0 3, 0 2, 0 1, 1 1, 2 1], [0 3, 0 2, 1 2, 2 2, 2 3], [0 3, 0 2, 1 2, 2 2, 3 2]]
Iteration Number: 4
Length of paths: 6
Lenght of pathtime:6
Paths:[[0 3, 0 4, 0 5, 0 6, 0 7], [0 3, 0 4, 0 5, 1 5, 2 5], [0 3, 0 2, 0 1, 0 0, 1 0], [0 3, 0 2, 0 1, 1 1, 2 1], [0 3, 0 2, 1 2, 2 2, 2 3], [0 3, 0 2, 1 2, 2 2, 3 2]]
Pathstime:[[0 3, 0 4, 0 5, 0 6, 0 7, 0 8], [0 3, 0 4, 0 5, 0 6, 0 7, 1 7], [0 3, 0 4, 0 5, 1 5, 2 5, 2 6], [0 3, 0 2, 0 1, 0 0, 1 0, 2 0], [0 3, 0 2, 1 2, 2 2, 2 3, 3 3], [0 3, 0 2, 1 2, 2 2, 3 2, 4 2]]
Iteration Number: 5
Length of paths: 6
Lenght of pathtime:3
Paths:[[0 3, 0 4, 0 5, 0 6, 0 7, 0 8], [0 3, 0 4, 0 5, 0 6, 0 7, 1 7], [0 3, 0 4, 0 5, 1 5, 2 5, 2 6], [0 3, 0 2, 0 1, 0 0, 1 0, 2 0], [0 3, 0 2, 1 2, 2 2, 2 3, 3 3], [0 3, 0 2, 1 2, 2 2, 3 2, 4 2]]
Pathstime:[[0 3, 0 4, 0 5, 0 6, 0 7, 0 8, 0 9], [0 3, 0 4, 0 5, 0 6, 0 7, 1 7, 2 7], [0 3, 0 2, 1 2, 2 2, 3 2, 4 2, 5 2]]
Iteration Number: 6
Length of paths: 3
Lenght of pathtime:5
Paths:[[0 3, 0 4, 0 5, 0 6, 0 7, 0 8, 0 9], [0 3, 0 4, 0 5, 0 6, 0 7, 1 7, 2 7], [0 3, 0 2, 1 2, 2 2, 3 2, 4 2, 5 2]]
Pathstime:[[0 3, 0 4, 0 5, 0 6, 0 7, 0 8, 0 9, 0 10], [0 3, 0 4, 0 5, 0 6, 0 7, 0 8, 0 9, 1 9], [0 3, 0 4, 0 5, 0 6, 0 7, 1 7, 2 7, 2 8], [0 3, 0 2, 1 2, 2 2, 3 2, 4 2, 5 2, 5 3], [0 3, 0 2, 1 2, 2 2, 3 2, 4 2, 5 2, 6 2]]
Iteration Number: 7
Length of paths: 5
Lenght of pathtime:8
Paths:[[0 3, 0 4, 0 5, 0 6, 0 7, 0 8, 0 9, 0 10], [0 3, 0 4, 0 5, 0 6, 0 7, 0 8, 0 9, 1 9], [0 3, 0 4, 0 5, 0 6, 0 7, 1 7, 2 7, 2 8], [0 3, 0 2, 1 2, 2 2, 3 2, 4 2, 5 2, 5 3], [0 3, 0 2, 1 2, 2 2, 3 2, 4 2, 5 2, 6 2]]
Pathstime:[[0 3, 0 4, 0 5, 0 6, 0 7, 0 8, 0 9, 0 10, 0 11], [0 3, 0 4, 0 5, 0 6, 0 7, 0 8, 0 9, 0 10, 1 10], [0 3, 0 4, 0 5, 0 6, 0 7, 0 8, 0 9, 1 9, 2 9], [0 3, 0 4, 0 5, 0 6, 0 7, 1 7, 2 7, 2 8, 3 8], [0 3, 0 2, 1 2, 2 2, 3 2, 4 2, 5 2, 5 3, 5 4], [0 3, 0 2, 1 2, 2 2, 3 2, 4 2, 5 2, 5 3, 6 3], [0 3, 0 2, 1 2, 2 2, 3 2, 4 2, 5 2, 6 2, 6 1], [0 3, 0 2, 1 2, 2 2, 3 2, 4 2, 5 2, 6 2, 7 2]]
Iteration Number: 8
Length of paths: 8
Lenght of pathtime:10
Paths:[[0 3, 0 4, 0 5, 0 6, 0 7, 0 8, 0 9, 0 10, 0 11], [0 3, 0 4, 0 5, 0 6, 0 7, 0 8, 0 9, 0 10, 1 10], [0 3, 0 4, 0 5, 0 6, 0 7, 0 8, 0 9, 1 9, 2 9], [0 3, 0 4, 0 5, 0 6, 0 7, 1 7, 2 7, 2 8, 3 8], [0 3, 0 2, 1 2, 2 2, 3 2, 4 2, 5 2, 5 3, 5 4], [0 3, 0 2, 1 2, 2 2, 3 2, 4 2, 5 2, 5 3, 6 3], [0 3, 0 2, 1 2, 2 2, 3 2, 4 2, 5 2, 6 2, 6 1], [0 3, 0 2, 1 2, 2 2, 3 2, 4 2, 5 2, 6 2, 7 2]]
Pathstime:[[0 3, 0 4, 0 5, 0 6, 0 7, 0 8, 0 9, 0 10, 0 11, 0 12], [0 3, 0 4, 0 5, 0 6, 0 7, 0 8, 0 9, 0 10, 0 11, 1 11], [0 3, 0 4, 0 5, 0 6, 0 7, 0 8, 0 9, 0 10, 1 10, 2 10], [0 3, 0 4, 0 5, 0 6, 0 7, 0 8, 0 9, 1 9, 2 9, 3 9], [0 3, 0 4, 0 5, 0 6, 0 7, 1 7, 2 7, 2 8, 3 8, 4 8], [0 3, 0 2, 1 2, 2 2, 3 2, 4 2, 5 2, 5 3, 5 4, 4 4], [0 3, 0 2, 1 2, 2 2, 3 2, 4 2, 5 2, 5 3, 5 4, 6 4], [0 3, 0 2, 1 2, 2 2, 3 2, 4 2, 5 2, 6 2, 6 1, 6 0], [0 3, 0 2, 1 2, 2 2, 3 2, 4 2, 5 2, 6 2, 6 1, 7 1], [0 3, 0 2, 1 2, 2 2, 3 2, 4 2, 5 2, 6 2, 7 2, 8 2]]
Iteration Number: 9
Length of paths: 10
Lenght of pathtime:11
Paths:[[0 3, 0 4, 0 5, 0 6, 0 7, 0 8, 0 9, 0 10, 0 11, 0 12], [0 3, 0 4, 0 5, 0 6, 0 7, 0 8, 0 9, 0 10, 0 11, 1 11], [0 3, 0 4, 0 5, 0 6, 0 7, 0 8, 0 9, 0 10, 1 10, 2 10], [0 3, 0 4, 0 5, 0 6, 0 7, 0 8, 0 9, 1 9, 2 9, 3 9], [0 3, 0 4, 0 5, 0 6, 0 7, 1 7, 2 7, 2 8, 3 8, 4 8], [0 3, 0 2, 1 2, 2 2, 3 2, 4 2, 5 2, 5 3, 5 4, 4 4], [0 3, 0 2, 1 2, 2 2, 3 2, 4 2, 5 2, 5 3, 5 4, 6 4], [0 3, 0 2, 1 2, 2 2, 3 2, 4 2, 5 2, 6 2, 6 1, 6 0], [0 3, 0 2, 1 2, 2 2, 3 2, 4 2, 5 2, 6 2, 6 1, 7 1], [0 3, 0 2, 1 2, 2 2, 3 2, 4 2, 5 2, 6 2, 7 2, 8 2]]
Pathstime:[[0 3, 0 4, 0 5, 0 6, 0 7, 0 8, 0 9, 0 10, 0 11, 0 12, 0 13], [0 3, 0 4, 0 5, 0 6, 0 7, 0 8, 0 9, 0 10, 0 11, 0 12, 1 12], [0 3, 0 4, 0 5, 0 6, 0 7, 0 8, 0 9, 0 10, 0 11, 1 11, 2 11], [0 3, 0 4, 0 5, 0 6, 0 7, 0 8, 0 9, 0 10, 1 10, 2 10, 3 10], [0 3, 0 4, 0 5, 0 6, 0 7, 1 7, 2 7, 2 8, 3 8, 4 8, 4 7], [0 3, 0 2, 1 2, 2 2, 3 2, 4 2, 5 2, 5 3, 5 4, 4 4, 4 5], [0 3, 0 2, 1 2, 2 2, 3 2, 4 2, 5 2, 5 3, 5 4, 6 4, 6 5], [0 3, 0 2, 1 2, 2 2, 3 2, 4 2, 5 2, 5 3, 5 4, 6 4, 7 4], [0 3, 0 2, 1 2, 2 2, 3 2, 4 2, 5 2, 6 2, 6 1, 6 0, 5 0], [0 3, 0 2, 1 2, 2 2, 3 2, 4 2, 5 2, 6 2, 6 1, 6 0, 7 0], [0 3, 0 2, 1 2, 2 2, 3 2, 4 2, 5 2, 6 2, 7 2, 8 2, 9 2]]
Iteration Number: 10
Length of paths: 11
Lenght of pathtime:10
Paths:[[0 3, 0 4, 0 5, 0 6, 0 7, 0 8, 0 9, 0 10, 0 11, 0 12, 0 13], [0 3, 0 4, 0 5, 0 6, 0 7, 0 8, 0 9, 0 10, 0 11, 0 12, 1 12], [0 3, 0 4, 0 5, 0 6, 0 7, 0 8, 0 9, 0 10, 0 11, 1 11, 2 11], [0 3, 0 4, 0 5, 0 6, 0 7, 0 8, 0 9, 0 10, 1 10, 2 10, 3 10], [0 3, 0 4, 0 5, 0 6, 0 7, 1 7, 2 7, 2 8, 3 8, 4 8, 4 7], [0 3, 0 2, 1 2, 2 2, 3 2, 4 2, 5 2, 5 3, 5 4, 4 4, 4 5], [0 3, 0 2, 1 2, 2 2, 3 2, 4 2, 5 2, 5 3, 5 4, 6 4, 6 5], [0 3, 0 2, 1 2, 2 2, 3 2, 4 2, 5 2, 5 3, 5 4, 6 4, 7 4], [0 3, 0 2, 1 2, 2 2, 3 2, 4 2, 5 2, 6 2, 6 1, 6 0, 5 0], [0 3, 0 2, 1 2, 2 2, 3 2, 4 2, 5 2, 6 2, 6 1, 6 0, 7 0], [0 3, 0 2, 1 2, 2 2, 3 2, 4 2, 5 2, 6 2, 7 2, 8 2, 9 2]]
Pathstime:[[0 3, 0 4, 0 5, 0 6, 0 7, 0 8, 0 9, 0 10, 0 11, 0 12, 0 13, 0 14], [0 3, 0 4, 0 5, 0 6, 0 7, 0 8, 0 9, 0 10, 0 11, 0 12, 1 12, 2 12], [0 3, 0 4, 0 5, 0 6, 0 7, 0 8, 0 9, 0 10, 0 11, 1 11, 2 11, 3 11], [0 3, 0 4, 0 5, 0 6, 0 7, 0 8, 0 9, 0 10, 1 10, 2 10, 3 10, 4 10], [0 3, 0 4, 0 5, 0 6, 0 7, 1 7, 2 7, 2 8, 3 8, 4 8, 4 7, 4 6], [0 3, 0 2, 1 2, 2 2, 3 2, 4 2, 5 2, 5 3, 5 4, 6 4, 6 5, 7 5], [0 3, 0 2, 1 2, 2 2, 3 2, 4 2, 5 2, 5 3, 5 4, 6 4, 7 4, 8 4], [0 3, 0 2, 1 2, 2 2, 3 2, 4 2, 5 2, 6 2, 6 1, 6 0, 7 0, 8 0], [0 3, 0 2, 1 2, 2 2, 3 2, 4 2, 5 2, 6 2, 7 2, 8 2, 9 2, 9 3], [0 3, 0 2, 1 2, 2 2, 3 2, 4 2, 5 2, 6 2, 7 2, 8 2, 9 2, 9 1]]
Iteration Number: 11
Length of paths: 10
Lenght of pathtime:9
Paths:[[0 3, 0 4, 0 5, 0 6, 0 7, 0 8, 0 9, 0 10, 0 11, 0 12, 0 13, 0 14], [0 3, 0 4, 0 5, 0 6, 0 7, 0 8, 0 9, 0 10, 0 11, 0 12, 1 12, 2 12], [0 3, 0 4, 0 5, 0 6, 0 7, 0 8, 0 9, 0 10, 0 11, 1 11, 2 11, 3 11], [0 3, 0 4, 0 5, 0 6, 0 7, 0 8, 0 9, 0 10, 1 10, 2 10, 3 10, 4 10], [0 3, 0 4, 0 5, 0 6, 0 7, 1 7, 2 7, 2 8, 3 8, 4 8, 4 7, 4 6], [0 3, 0 2, 1 2, 2 2, 3 2, 4 2, 5 2, 5 3, 5 4, 6 4, 6 5, 7 5], [0 3, 0 2, 1 2, 2 2, 3 2, 4 2, 5 2, 5 3, 5 4, 6 4, 7 4, 8 4], [0 3, 0 2, 1 2, 2 2, 3 2, 4 2, 5 2, 6 2, 6 1, 6 0, 7 0, 8 0], [0 3, 0 2, 1 2, 2 2, 3 2, 4 2, 5 2, 6 2, 7 2, 8 2, 9 2, 9 3], [0 3, 0 2, 1 2, 2 2, 3 2, 4 2, 5 2, 6 2, 7 2, 8 2, 9 2, 9 1]]
Pathstime:[[0 3, 0 4, 0 5, 0 6, 0 7, 0 8, 0 9, 0 10, 0 11, 0 12, 0 13, 0 14, 0 15], [0 3, 0 4, 0 5, 0 6, 0 7, 0 8, 0 9, 0 10, 0 11, 0 12, 0 13, 0 14, 1 14], [0 3, 0 4, 0 5, 0 6, 0 7, 0 8, 0 9, 0 10, 0 11, 0 12, 1 12, 2 12, 2 13], [0 3, 0 4, 0 5, 0 6, 0 7, 0 8, 0 9, 0 10, 0 11, 1 11, 2 11, 3 11, 4 11], [0 3, 0 4, 0 5, 0 6, 0 7, 1 7, 2 7, 2 8, 3 8, 4 8, 4 7, 4 6, 5 6], [0 3, 0 2, 1 2, 2 2, 3 2, 4 2, 5 2, 5 3, 5 4, 6 4, 6 5, 7 5, 7 6], [0 3, 0 2, 1 2, 2 2, 3 2, 4 2, 5 2, 5 3, 5 4, 6 4, 6 5, 7 5, 8 5], [0 3, 0 2, 1 2, 2 2, 3 2, 4 2, 5 2, 5 3, 5 4, 6 4, 7 4, 8 4, 9 4], [0 3, 0 2, 1 2, 2 2, 3 2, 4 2, 5 2, 6 2, 6 1, 6 0, 7 0, 8 0, 9 0]]
Iteration Number: 12
Length of paths: 9
Lenght of pathtime:6
Paths:[[0 3, 0 4, 0 5, 0 6, 0 7, 0 8, 0 9, 0 10, 0 11, 0 12, 0 13, 0 14, 0 15], [0 3, 0 4, 0 5, 0 6, 0 7, 0 8, 0 9, 0 10, 0 11, 0 12, 0 13, 0 14, 1 14], [0 3, 0 4, 0 5, 0 6, 0 7, 0 8, 0 9, 0 10, 0 11, 0 12, 1 12, 2 12, 2 13], [0 3, 0 4, 0 5, 0 6, 0 7, 0 8, 0 9, 0 10, 0 11, 1 11, 2 11, 3 11, 4 11], [0 3, 0 4, 0 5, 0 6, 0 7, 1 7, 2 7, 2 8, 3 8, 4 8, 4 7, 4 6, 5 6], [0 3, 0 2, 1 2, 2 2, 3 2, 4 2, 5 2, 5 3, 5 4, 6 4, 6 5, 7 5, 7 6], [0 3, 0 2, 1 2, 2 2, 3 2, 4 2, 5 2, 5 3, 5 4, 6 4, 6 5, 7 5, 8 5], [0 3, 0 2, 1 2, 2 2, 3 2, 4 2, 5 2, 5 3, 5 4, 6 4, 7 4, 8 4, 9 4], [0 3, 0 2, 1 2, 2 2, 3 2, 4 2, 5 2, 6 2, 6 1, 6 0, 7 0, 8 0, 9 0]]
Pathstime:[[0 3, 0 4, 0 5, 0 6, 0 7, 0 8, 0 9, 0 10, 0 11, 0 12, 0 13, 0 14, 0 15, 0 16], [0 3, 0 4, 0 5, 0 6, 0 7, 0 8, 0 9, 0 10, 0 11, 0 12, 0 13, 0 14, 0 15, 1 15], [0 3, 0 4, 0 5, 0 6, 0 7, 0 8, 0 9, 0 10, 0 11, 0 12, 0 13, 0 14, 1 14, 2 14], [0 3, 0 2, 1 2, 2 2, 3 2, 4 2, 5 2, 5 3, 5 4, 6 4, 6 5, 7 5, 7 6, 7 7], [0 3, 0 2, 1 2, 2 2, 3 2, 4 2, 5 2, 5 3, 5 4, 6 4, 6 5, 7 5, 7 6, 8 6], [0 3, 0 2, 1 2, 2 2, 3 2, 4 2, 5 2, 5 3, 5 4, 6 4, 6 5, 7 5, 8 5, 9 5]]
Iteration Number: 13
Length of paths: 6
Lenght of pathtime:8
Paths:[[0 3, 0 4, 0 5, 0 6, 0 7, 0 8, 0 9, 0 10, 0 11, 0 12, 0 13, 0 14, 0 15, 0 16], [0 3, 0 4, 0 5, 0 6, 0 7, 0 8, 0 9, 0 10, 0 11, 0 12, 0 13, 0 14, 0 15, 1 15], [0 3, 0 4, 0 5, 0 6, 0 7, 0 8, 0 9, 0 10, 0 11, 0 12, 0 13, 0 14, 1 14, 2 14], [0 3, 0 2, 1 2, 2 2, 3 2, 4 2, 5 2, 5 3, 5 4, 6 4, 6 5, 7 5, 7 6, 7 7], [0 3, 0 2, 1 2, 2 2, 3 2, 4 2, 5 2, 5 3, 5 4, 6 4, 6 5, 7 5, 7 6, 8 6], [0 3, 0 2, 1 2, 2 2, 3 2, 4 2, 5 2, 5 3, 5 4, 6 4, 6 5, 7 5, 8 5, 9 5]]
Pathstime:[[0 3, 0 4, 0 5, 0 6, 0 7, 0 8, 0 9, 0 10, 0 11, 0 12, 0 13, 0 14, 0 15, 0 16, 0 17], [0 3, 0 4, 0 5, 0 6, 0 7, 0 8, 0 9, 0 10, 0 11, 0 12, 0 13, 0 14, 0 15, 0 16, 1 16], [0 3, 0 4, 0 5, 0 6, 0 7, 0 8, 0 9, 0 10, 0 11, 0 12, 0 13, 0 14, 0 15, 1 15, 2 15], [0 3, 0 4, 0 5, 0 6, 0 7, 0 8, 0 9, 0 10, 0 11, 0 12, 0 13, 0 14, 1 14, 2 14, 3 14], [0 3, 0 2, 1 2, 2 2, 3 2, 4 2, 5 2, 5 3, 5 4, 6 4, 6 5, 7 5, 7 6, 7 7, 6 7], [0 3, 0 2, 1 2, 2 2, 3 2, 4 2, 5 2, 5 3, 5 4, 6 4, 6 5, 7 5, 7 6, 7 7, 7 8], [0 3, 0 2, 1 2, 2 2, 3 2, 4 2, 5 2, 5 3, 5 4, 6 4, 6 5, 7 5, 7 6, 7 7, 8 7], [0 3, 0 2, 1 2, 2 2, 3 2, 4 2, 5 2, 5 3, 5 4, 6 4, 6 5, 7 5, 7 6, 8 6, 9 6]]
Iteration Number: 14
Length of paths: 8
Lenght of pathtime:9
Paths:[[0 3, 0 4, 0 5, 0 6, 0 7, 0 8, 0 9, 0 10, 0 11, 0 12, 0 13, 0 14, 0 15, 0 16, 0 17], [0 3, 0 4, 0 5, 0 6, 0 7, 0 8, 0 9, 0 10, 0 11, 0 12, 0 13, 0 14, 0 15, 0 16, 1 16], [0 3, 0 4, 0 5, 0 6, 0 7, 0 8, 0 9, 0 10, 0 11, 0 12, 0 13, 0 14, 0 15, 1 15, 2 15], [0 3, 0 4, 0 5, 0 6, 0 7, 0 8, 0 9, 0 10, 0 11, 0 12, 0 13, 0 14, 1 14, 2 14, 3 14], [0 3, 0 2, 1 2, 2 2, 3 2, 4 2, 5 2, 5 3, 5 4, 6 4, 6 5, 7 5, 7 6, 7 7, 6 7], [0 3, 0 2, 1 2, 2 2, 3 2, 4 2, 5 2, 5 3, 5 4, 6 4, 6 5, 7 5, 7 6, 7 7, 7 8], [0 3, 0 2, 1 2, 2 2, 3 2, 4 2, 5 2, 5 3, 5 4, 6 4, 6 5, 7 5, 7 6, 7 7, 8 7], [0 3, 0 2, 1 2, 2 2, 3 2, 4 2, 5 2, 5 3, 5 4, 6 4, 6 5, 7 5, 7 6, 8 6, 9 6]]
Pathstime:[[0 3, 0 4, 0 5, 0 6, 0 7, 0 8, 0 9, 0 10, 0 11, 0 12, 0 13, 0 14, 0 15, 0 16, 0 17, 0 18], [0 3, 0 4, 0 5, 0 6, 0 7, 0 8, 0 9, 0 10, 0 11, 0 12, 0 13, 0 14, 0 15, 0 16, 0 17, 1 17], [0 3, 0 4, 0 5, 0 6, 0 7, 0 8, 0 9, 0 10, 0 11, 0 12, 0 13, 0 14, 0 15, 0 16, 1 16, 2 16], [0 3, 0 4, 0 5, 0 6, 0 7, 0 8, 0 9, 0 10, 0 11, 0 12, 0 13, 0 14, 0 15, 1 15, 2 15, 3 15], [0 3, 0 4, 0 5, 0 6, 0 7, 0 8, 0 9, 0 10, 0 11, 0 12, 0 13, 0 14, 1 14, 2 14, 3 14, 4 14], [0 3, 0 2, 1 2, 2 2, 3 2, 4 2, 5 2, 5 3, 5 4, 6 4, 6 5, 7 5, 7 6, 7 7, 6 7, 6 8], [0 3, 0 2, 1 2, 2 2, 3 2, 4 2, 5 2, 5 3, 5 4, 6 4, 6 5, 7 5, 7 6, 7 7, 7 8, 7 9], [0 3, 0 2, 1 2, 2 2, 3 2, 4 2, 5 2, 5 3, 5 4, 6 4, 6 5, 7 5, 7 6, 7 7, 7 8, 8 8], [0 3, 0 2, 1 2, 2 2, 3 2, 4 2, 5 2, 5 3, 5 4, 6 4, 6 5, 7 5, 7 6, 7 7, 8 7, 9 7]]
Iteration Number: 15
Length of paths: 9
Lenght of pathtime:6
Paths:[[0 3, 0 4, 0 5, 0 6, 0 7, 0 8, 0 9, 0 10, 0 11, 0 12, 0 13, 0 14, 0 15, 0 16, 0 17, 0 18], [0 3, 0 4, 0 5, 0 6, 0 7, 0 8, 0 9, 0 10, 0 11, 0 12, 0 13, 0 14, 0 15, 0 16, 0 17, 1 17], [0 3, 0 4, 0 5, 0 6, 0 7, 0 8, 0 9, 0 10, 0 11, 0 12, 0 13, 0 14, 0 15, 0 16, 1 16, 2 16], [0 3, 0 4, 0 5, 0 6, 0 7, 0 8, 0 9, 0 10, 0 11, 0 12, 0 13, 0 14, 0 15, 1 15, 2 15, 3 15], [0 3, 0 4, 0 5, 0 6, 0 7, 0 8, 0 9, 0 10, 0 11, 0 12, 0 13, 0 14, 1 14, 2 14, 3 14, 4 14], [0 3, 0 2, 1 2, 2 2, 3 2, 4 2, 5 2, 5 3, 5 4, 6 4, 6 5, 7 5, 7 6, 7 7, 6 7, 6 8], [0 3, 0 2, 1 2, 2 2, 3 2, 4 2, 5 2, 5 3, 5 4, 6 4, 6 5, 7 5, 7 6, 7 7, 7 8, 7 9], [0 3, 0 2, 1 2, 2 2, 3 2, 4 2, 5 2, 5 3, 5 4, 6 4, 6 5, 7 5, 7 6, 7 7, 7 8, 8 8], [0 3, 0 2, 1 2, 2 2, 3 2, 4 2, 5 2, 5 3, 5 4, 6 4, 6 5, 7 5, 7 6, 7 7, 8 7, 9 7]]
Pathstime:[[0 3, 0 4, 0 5, 0 6, 0 7, 0 8, 0 9, 0 10, 0 11, 0 12, 0 13, 0 14, 0 15, 0 16, 0 17, 0 18, 0 19], [0 3, 0 4, 0 5, 0 6, 0 7, 0 8, 0 9, 0 10, 0 11, 0 12, 0 13, 0 14, 0 15, 0 16, 0 17, 1 17, 2 17], [0 3, 0 4, 0 5, 0 6, 0 7, 0 8, 0 9, 0 10, 0 11, 0 12, 0 13, 0 14, 0 15, 0 16, 1 16, 2 16, 3 16], [0 3, 0 4, 0 5, 0 6, 0 7, 0 8, 0 9, 0 10, 0 11, 0 12, 0 13, 0 14, 1 14, 2 14, 3 14, 4 14, 4 13], [0 3, 0 2, 1 2, 2 2, 3 2, 4 2, 5 2, 5 3, 5 4, 6 4, 6 5, 7 5, 7 6, 7 7, 6 7, 6 8, 6 9], [0 3, 0 2, 1 2, 2 2, 3 2, 4 2, 5 2, 5 3, 5 4, 6 4, 6 5, 7 5, 7 6, 7 7, 7 8, 8 8, 9 8]]
Iteration Number: 16
Length of paths: 6
Lenght of pathtime:8
Paths:[[0 3, 0 4, 0 5, 0 6, 0 7, 0 8, 0 9, 0 10, 0 11, 0 12, 0 13, 0 14, 0 15, 0 16, 0 17, 0 18, 0 19], [0 3, 0 4, 0 5, 0 6, 0 7, 0 8, 0 9, 0 10, 0 11, 0 12, 0 13, 0 14, 0 15, 0 16, 0 17, 1 17, 2 17], [0 3, 0 4, 0 5, 0 6, 0 7, 0 8, 0 9, 0 10, 0 11, 0 12, 0 13, 0 14, 0 15, 0 16, 1 16, 2 16, 3 16], [0 3, 0 4, 0 5, 0 6, 0 7, 0 8, 0 9, 0 10, 0 11, 0 12, 0 13, 0 14, 1 14, 2 14, 3 14, 4 14, 4 13], [0 3, 0 2, 1 2, 2 2, 3 2, 4 2, 5 2, 5 3, 5 4, 6 4, 6 5, 7 5, 7 6, 7 7, 6 7, 6 8, 6 9], [0 3, 0 2, 1 2, 2 2, 3 2, 4 2, 5 2, 5 3, 5 4, 6 4, 6 5, 7 5, 7 6, 7 7, 7 8, 8 8, 9 8]]
Pathstime:[[0 3, 0 4, 0 5, 0 6, 0 7, 0 8, 0 9, 0 10, 0 11, 0 12, 0 13, 0 14, 0 15, 0 16, 0 17, 0 18, 0 19, 1 19], [0 3, 0 4, 0 5, 0 6, 0 7, 0 8, 0 9, 0 10, 0 11, 0 12, 0 13, 0 14, 0 15, 0 16, 0 17, 1 17, 2 17, 2 18], [0 3, 0 4, 0 5, 0 6, 0 7, 0 8, 0 9, 0 10, 0 11, 0 12, 0 13, 0 14, 0 15, 0 16, 0 17, 1 17, 2 17, 3 17], [0 3, 0 4, 0 5, 0 6, 0 7, 0 8, 0 9, 0 10, 0 11, 0 12, 0 13, 0 14, 0 15, 0 16, 1 16, 2 16, 3 16, 4 16], [0 3, 0 4, 0 5, 0 6, 0 7, 0 8, 0 9, 0 10, 0 11, 0 12, 0 13, 0 14, 1 14, 2 14, 3 14, 4 14, 4 13, 5 13], [0 3, 0 2, 1 2, 2 2, 3 2, 4 2, 5 2, 5 3, 5 4, 6 4, 6 5, 7 5, 7 6, 7 7, 6 7, 6 8, 6 9, 5 9], [0 3, 0 2, 1 2, 2 2, 3 2, 4 2, 5 2, 5 3, 5 4, 6 4, 6 5, 7 5, 7 6, 7 7, 6 7, 6 8, 6 9, 6 10], [0 3, 0 2, 1 2, 2 2, 3 2, 4 2, 5 2, 5 3, 5 4, 6 4, 6 5, 7 5, 7 6, 7 7, 7 8, 8 8, 9 8, 9 9]]
Iteration Number: 17
Length of paths: 8
Lenght of pathtime:6
Paths:[[0 3, 0 4, 0 5, 0 6, 0 7, 0 8, 0 9, 0 10, 0 11, 0 12, 0 13, 0 14, 0 15, 0 16, 0 17, 0 18, 0 19, 1 19], [0 3, 0 4, 0 5, 0 6, 0 7, 0 8, 0 9, 0 10, 0 11, 0 12, 0 13, 0 14, 0 15, 0 16, 0 17, 1 17, 2 17, 2 18], [0 3, 0 4, 0 5, 0 6, 0 7, 0 8, 0 9, 0 10, 0 11, 0 12, 0 13, 0 14, 0 15, 0 16, 0 17, 1 17, 2 17, 3 17], [0 3, 0 4, 0 5, 0 6, 0 7, 0 8, 0 9, 0 10, 0 11, 0 12, 0 13, 0 14, 0 15, 0 16, 1 16, 2 16, 3 16, 4 16], [0 3, 0 4, 0 5, 0 6, 0 7, 0 8, 0 9, 0 10, 0 11, 0 12, 0 13, 0 14, 1 14, 2 14, 3 14, 4 14, 4 13, 5 13], [0 3, 0 2, 1 2, 2 2, 3 2, 4 2, 5 2, 5 3, 5 4, 6 4, 6 5, 7 5, 7 6, 7 7, 6 7, 6 8, 6 9, 5 9], [0 3, 0 2, 1 2, 2 2, 3 2, 4 2, 5 2, 5 3, 5 4, 6 4, 6 5, 7 5, 7 6, 7 7, 6 7, 6 8, 6 9, 6 10], [0 3, 0 2, 1 2, 2 2, 3 2, 4 2, 5 2, 5 3, 5 4, 6 4, 6 5, 7 5, 7 6, 7 7, 7 8, 8 8, 9 8, 9 9]]
Pathstime:[[0 3, 0 4, 0 5, 0 6, 0 7, 0 8, 0 9, 0 10, 0 11, 0 12, 0 13, 0 14, 0 15, 0 16, 0 17, 0 18, 0 19, 1 19, 2 19], [0 3, 0 4, 0 5, 0 6, 0 7, 0 8, 0 9, 0 10, 0 11, 0 12, 0 13, 0 14, 0 15, 0 16, 0 17, 1 17, 2 17, 3 17, 4 17], [0 3, 0 4, 0 5, 0 6, 0 7, 0 8, 0 9, 0 10, 0 11, 0 12, 0 13, 0 14, 0 15, 0 16, 1 16, 2 16, 3 16, 4 16, 5 16], [0 3, 0 4, 0 5, 0 6, 0 7, 0 8, 0 9, 0 10, 0 11, 0 12, 0 13, 0 14, 1 14, 2 14, 3 14, 4 14, 4 13, 5 13, 5 12], [0 3, 0 2, 1 2, 2 2, 3 2, 4 2, 5 2, 5 3, 5 4, 6 4, 6 5, 7 5, 7 6, 7 7, 6 7, 6 8, 6 9, 6 10, 6 11], [0 3, 0 2, 1 2, 2 2, 3 2, 4 2, 5 2, 5 3, 5 4, 6 4, 6 5, 7 5, 7 6, 7 7, 7 8, 8 8, 9 8, 9 9, 9 10]]
Iteration Number: 18
Length of paths: 6
Lenght of pathtime:6
Paths:[[0 3, 0 4, 0 5, 0 6, 0 7, 0 8, 0 9, 0 10, 0 11, 0 12, 0 13, 0 14, 0 15, 0 16, 0 17, 0 18, 0 19, 1 19, 2 19], [0 3, 0 4, 0 5, 0 6, 0 7, 0 8, 0 9, 0 10, 0 11, 0 12, 0 13, 0 14, 0 15, 0 16, 0 17, 1 17, 2 17, 3 17, 4 17], [0 3, 0 4, 0 5, 0 6, 0 7, 0 8, 0 9, 0 10, 0 11, 0 12, 0 13, 0 14, 0 15, 0 16, 1 16, 2 16, 3 16, 4 16, 5 16], [0 3, 0 4, 0 5, 0 6, 0 7, 0 8, 0 9, 0 10, 0 11, 0 12, 0 13, 0 14, 1 14, 2 14, 3 14, 4 14, 4 13, 5 13, 5 12], [0 3, 0 2, 1 2, 2 2, 3 2, 4 2, 5 2, 5 3, 5 4, 6 4, 6 5, 7 5, 7 6, 7 7, 6 7, 6 8, 6 9, 6 10, 6 11], [0 3, 0 2, 1 2, 2 2, 3 2, 4 2, 5 2, 5 3, 5 4, 6 4, 6 5, 7 5, 7 6, 7 7, 7 8, 8 8, 9 8, 9 9, 9 10]]
Pathstime:[[0 3, 0 4, 0 5, 0 6, 0 7, 0 8, 0 9, 0 10, 0 11, 0 12, 0 13, 0 14, 0 15, 0 16, 0 17, 0 18, 0 19, 1 19, 2 19, 3 19], [0 3, 0 4, 0 5, 0 6, 0 7, 0 8, 0 9, 0 10, 0 11, 0 12, 0 13, 0 14, 0 15, 0 16, 0 17, 1 17, 2 17, 3 17, 4 17, 5 17], [0 3, 0 4, 0 5, 0 6, 0 7, 0 8, 0 9, 0 10, 0 11, 0 12, 0 13, 0 14, 0 15, 0 16, 1 16, 2 16, 3 16, 4 16, 5 16, 5 15], [0 3, 0 2, 1 2, 2 2, 3 2, 4 2, 5 2, 5 3, 5 4, 6 4, 6 5, 7 5, 7 6, 7 7, 6 7, 6 8, 6 9, 6 10, 6 11, 7 11], [0 3, 0 2, 1 2, 2 2, 3 2, 4 2, 5 2, 5 3, 5 4, 6 4, 6 5, 7 5, 7 6, 7 7, 7 8, 8 8, 9 8, 9 9, 9 10, 8 10], [0 3, 0 2, 1 2, 2 2, 3 2, 4 2, 5 2, 5 3, 5 4, 6 4, 6 5, 7 5, 7 6, 7 7, 7 8, 8 8, 9 8, 9 9, 9 10, 9 11]]
Iteration Number: 19
Length of paths: 6
Lenght of pathtime:3
Paths:[[0 3, 0 4, 0 5, 0 6, 0 7, 0 8, 0 9, 0 10, 0 11, 0 12, 0 13, 0 14, 0 15, 0 16, 0 17, 0 18, 0 19, 1 19, 2 19, 3 19], [0 3, 0 4, 0 5, 0 6, 0 7, 0 8, 0 9, 0 10, 0 11, 0 12, 0 13, 0 14, 0 15, 0 16, 0 17, 1 17, 2 17, 3 17, 4 17, 5 17], [0 3, 0 4, 0 5, 0 6, 0 7, 0 8, 0 9, 0 10, 0 11, 0 12, 0 13, 0 14, 0 15, 0 16, 1 16, 2 16, 3 16, 4 16, 5 16, 5 15], [0 3, 0 2, 1 2, 2 2, 3 2, 4 2, 5 2, 5 3, 5 4, 6 4, 6 5, 7 5, 7 6, 7 7, 6 7, 6 8, 6 9, 6 10, 6 11, 7 11], [0 3, 0 2, 1 2, 2 2, 3 2, 4 2, 5 2, 5 3, 5 4, 6 4, 6 5, 7 5, 7 6, 7 7, 7 8, 8 8, 9 8, 9 9, 9 10, 8 10], [0 3, 0 2, 1 2, 2 2, 3 2, 4 2, 5 2, 5 3, 5 4, 6 4, 6 5, 7 5, 7 6, 7 7, 7 8, 8 8, 9 8, 9 9, 9 10, 9 11]]
Pathstime:[[0 3, 0 4, 0 5, 0 6, 0 7, 0 8, 0 9, 0 10, 0 11, 0 12, 0 13, 0 14, 0 15, 0 16, 0 17, 1 17, 2 17, 3 17, 4 17, 5 17, 6 17], [0 3, 0 2, 1 2, 2 2, 3 2, 4 2, 5 2, 5 3, 5 4, 6 4, 6 5, 7 5, 7 6, 7 7, 6 7, 6 8, 6 9, 6 10, 6 11, 7 11, 8 11], [0 3, 0 2, 1 2, 2 2, 3 2, 4 2, 5 2, 5 3, 5 4, 6 4, 6 5, 7 5, 7 6, 7 7, 7 8, 8 8, 9 8, 9 9, 9 10, 9 11, 9 12]]
Iteration Number: 20
Length of paths: 3
Lenght of pathtime:4
Paths:[[0 3, 0 4, 0 5, 0 6, 0 7, 0 8, 0 9, 0 10, 0 11, 0 12, 0 13, 0 14, 0 15, 0 16, 0 17, 1 17, 2 17, 3 17, 4 17, 5 17, 6 17], [0 3, 0 2, 1 2, 2 2, 3 2, 4 2, 5 2, 5 3, 5 4, 6 4, 6 5, 7 5, 7 6, 7 7, 6 7, 6 8, 6 9, 6 10, 6 11, 7 11, 8 11], [0 3, 0 2, 1 2, 2 2, 3 2, 4 2, 5 2, 5 3, 5 4, 6 4, 6 5, 7 5, 7 6, 7 7, 7 8, 8 8, 9 8, 9 9, 9 10, 9 11, 9 12]]
Pathstime:[[0 3, 0 4, 0 5, 0 6, 0 7, 0 8, 0 9, 0 10, 0 11, 0 12, 0 13, 0 14, 0 15, 0 16, 0 17, 1 17, 2 17, 3 17, 4 17, 5 17, 6 17, 6 18], [0 3, 0 4, 0 5, 0 6, 0 7, 0 8, 0 9, 0 10, 0 11, 0 12, 0 13, 0 14, 0 15, 0 16, 0 17, 1 17, 2 17, 3 17, 4 17, 5 17, 6 17, 7 17], [0 3, 0 2, 1 2, 2 2, 3 2, 4 2, 5 2, 5 3, 5 4, 6 4, 6 5, 7 5, 7 6, 7 7, 6 7, 6 8, 6 9, 6 10, 6 11, 7 11, 8 11, 8 12], [0 3, 0 2, 1 2, 2 2, 3 2, 4 2, 5 2, 5 3, 5 4, 6 4, 6 5, 7 5, 7 6, 7 7, 7 8, 8 8, 9 8, 9 9, 9 10, 9 11, 9 12, 9 13]]
Iteration Number: 21
Length of paths: 4
Lenght of pathtime:5
Paths:[[0 3, 0 4, 0 5, 0 6, 0 7, 0 8, 0 9, 0 10, 0 11, 0 12, 0 13, 0 14, 0 15, 0 16, 0 17, 1 17, 2 17, 3 17, 4 17, 5 17, 6 17, 6 18], [0 3, 0 4, 0 5, 0 6, 0 7, 0 8, 0 9, 0 10, 0 11, 0 12, 0 13, 0 14, 0 15, 0 16, 0 17, 1 17, 2 17, 3 17, 4 17, 5 17, 6 17, 7 17], [0 3, 0 2, 1 2, 2 2, 3 2, 4 2, 5 2, 5 3, 5 4, 6 4, 6 5, 7 5, 7 6, 7 7, 6 7, 6 8, 6 9, 6 10, 6 11, 7 11, 8 11, 8 12], [0 3, 0 2, 1 2, 2 2, 3 2, 4 2, 5 2, 5 3, 5 4, 6 4, 6 5, 7 5, 7 6, 7 7, 7 8, 8 8, 9 8, 9 9, 9 10, 9 11, 9 12, 9 13]]
Pathstime:[[0 3, 0 4, 0 5, 0 6, 0 7, 0 8, 0 9, 0 10, 0 11, 0 12, 0 13, 0 14, 0 15, 0 16, 0 17, 1 17, 2 17, 3 17, 4 17, 5 17, 6 17, 6 18, 6 19], [0 3, 0 4, 0 5, 0 6, 0 7, 0 8, 0 9, 0 10, 0 11, 0 12, 0 13, 0 14, 0 15, 0 16, 0 17, 1 17, 2 17, 3 17, 4 17, 5 17, 6 17, 6 18, 7 18], [0 3, 0 4, 0 5, 0 6, 0 7, 0 8, 0 9, 0 10, 0 11, 0 12, 0 13, 0 14, 0 15, 0 16, 0 17, 1 17, 2 17, 3 17, 4 17, 5 17, 6 17, 7 17, 7 16], [0 3, 0 2, 1 2, 2 2, 3 2, 4 2, 5 2, 5 3, 5 4, 6 4, 6 5, 7 5, 7 6, 7 7, 6 7, 6 8, 6 9, 6 10, 6 11, 7 11, 8 11, 8 12, 8 13], [0 3, 0 2, 1 2, 2 2, 3 2, 4 2, 5 2, 5 3, 5 4, 6 4, 6 5, 7 5, 7 6, 7 7, 7 8, 8 8, 9 8, 9 9, 9 10, 9 11, 9 12, 9 13, 9 14]]
Iteration Number: 22
Length of paths: 5
Lenght of pathtime:7
Paths:[[0 3, 0 4, 0 5, 0 6, 0 7, 0 8, 0 9, 0 10, 0 11, 0 12, 0 13, 0 14, 0 15, 0 16, 0 17, 1 17, 2 17, 3 17, 4 17, 5 17, 6 17, 6 18, 6 19], [0 3, 0 4, 0 5, 0 6, 0 7, 0 8, 0 9, 0 10, 0 11, 0 12, 0 13, 0 14, 0 15, 0 16, 0 17, 1 17, 2 17, 3 17, 4 17, 5 17, 6 17, 6 18, 7 18], [0 3, 0 4, 0 5, 0 6, 0 7, 0 8, 0 9, 0 10, 0 11, 0 12, 0 13, 0 14, 0 15, 0 16, 0 17, 1 17, 2 17, 3 17, 4 17, 5 17, 6 17, 7 17, 7 16], [0 3, 0 2, 1 2, 2 2, 3 2, 4 2, 5 2, 5 3, 5 4, 6 4, 6 5, 7 5, 7 6, 7 7, 6 7, 6 8, 6 9, 6 10, 6 11, 7 11, 8 11, 8 12, 8 13], [0 3, 0 2, 1 2, 2 2, 3 2, 4 2, 5 2, 5 3, 5 4, 6 4, 6 5, 7 5, 7 6, 7 7, 7 8, 8 8, 9 8, 9 9, 9 10, 9 11, 9 12, 9 13, 9 14]]
Pathstime:[[0 3, 0 4, 0 5, 0 6, 0 7, 0 8, 0 9, 0 10, 0 11, 0 12, 0 13, 0 14, 0 15, 0 16, 0 17, 1 17, 2 17, 3 17, 4 17, 5 17, 6 17, 6 18, 6 19, 5 19], [0 3, 0 4, 0 5, 0 6, 0 7, 0 8, 0 9, 0 10, 0 11, 0 12, 0 13, 0 14, 0 15, 0 16, 0 17, 1 17, 2 17, 3 17, 4 17, 5 17, 6 17, 6 18, 6 19, 7 19], [0 3, 0 4, 0 5, 0 6, 0 7, 0 8, 0 9, 0 10, 0 11, 0 12, 0 13, 0 14, 0 15, 0 16, 0 17, 1 17, 2 17, 3 17, 4 17, 5 17, 6 17, 6 18, 7 18, 8 18], [0 3, 0 4, 0 5, 0 6, 0 7, 0 8, 0 9, 0 10, 0 11, 0 12, 0 13, 0 14, 0 15, 0 16, 0 17, 1 17, 2 17, 3 17, 4 17, 5 17, 6 17, 7 17, 7 16, 7 15], [0 3, 0 2, 1 2, 2 2, 3 2, 4 2, 5 2, 5 3, 5 4, 6 4, 6 5, 7 5, 7 6, 7 7, 6 7, 6 8, 6 9, 6 10, 6 11, 7 11, 8 11, 8 12, 8 13, 7 13], [0 3, 0 2, 1 2, 2 2, 3 2, 4 2, 5 2, 5 3, 5 4, 6 4, 6 5, 7 5, 7 6, 7 7, 6 7, 6 8, 6 9, 6 10, 6 11, 7 11, 8 11, 8 12, 8 13, 8 14], [0 3, 0 2, 1 2, 2 2, 3 2, 4 2, 5 2, 5 3, 5 4, 6 4, 6 5, 7 5, 7 6, 7 7, 7 8, 8 8, 9 8, 9 9, 9 10, 9 11, 9 12, 9 13, 9 14, 9 15]]
Iteration Number: 23
Length of paths: 7
Lenght of pathtime:6
Paths:[[0 3, 0 4, 0 5, 0 6, 0 7, 0 8, 0 9, 0 10, 0 11, 0 12, 0 13, 0 14, 0 15, 0 16, 0 17, 1 17, 2 17, 3 17, 4 17, 5 17, 6 17, 6 18, 6 19, 5 19], [0 3, 0 4, 0 5, 0 6, 0 7, 0 8, 0 9, 0 10, 0 11, 0 12, 0 13, 0 14, 0 15, 0 16, 0 17, 1 17, 2 17, 3 17, 4 17, 5 17, 6 17, 6 18, 6 19, 7 19], [0 3, 0 4, 0 5, 0 6, 0 7, 0 8, 0 9, 0 10, 0 11, 0 12, 0 13, 0 14, 0 15, 0 16, 0 17, 1 17, 2 17, 3 17, 4 17, 5 17, 6 17, 6 18, 7 18, 8 18], [0 3, 0 4, 0 5, 0 6, 0 7, 0 8, 0 9, 0 10, 0 11, 0 12, 0 13, 0 14, 0 15, 0 16, 0 17, 1 17, 2 17, 3 17, 4 17, 5 17, 6 17, 7 17, 7 16, 7 15], [0 3, 0 2, 1 2, 2 2, 3 2, 4 2, 5 2, 5 3, 5 4, 6 4, 6 5, 7 5, 7 6, 7 7, 6 7, 6 8, 6 9, 6 10, 6 11, 7 11, 8 11, 8 12, 8 13, 7 13], [0 3, 0 2, 1 2, 2 2, 3 2, 4 2, 5 2, 5 3, 5 4, 6 4, 6 5, 7 5, 7 6, 7 7, 6 7, 6 8, 6 9, 6 10, 6 11, 7 11, 8 11, 8 12, 8 13, 8 14], [0 3, 0 2, 1 2, 2 2, 3 2, 4 2, 5 2, 5 3, 5 4, 6 4, 6 5, 7 5, 7 6, 7 7, 7 8, 8 8, 9 8, 9 9, 9 10, 9 11, 9 12, 9 13, 9 14, 9 15]]
Pathstime:[[0 3, 0 4, 0 5, 0 6, 0 7, 0 8, 0 9, 0 10, 0 11, 0 12, 0 13, 0 14, 0 15, 0 16, 0 17, 1 17, 2 17, 3 17, 4 17, 5 17, 6 17, 6 18, 6 19, 7 19, 8 19], [0 3, 0 4, 0 5, 0 6, 0 7, 0 8, 0 9, 0 10, 0 11, 0 12, 0 13, 0 14, 0 15, 0 16, 0 17, 1 17, 2 17, 3 17, 4 17, 5 17, 6 17, 6 18, 7 18, 8 18, 9 18], [0 3, 0 4, 0 5, 0 6, 0 7, 0 8, 0 9, 0 10, 0 11, 0 12, 0 13, 0 14, 0 15, 0 16, 0 17, 1 17, 2 17, 3 17, 4 17, 5 17, 6 17, 6 18, 7 18, 8 18, 9 18], [0 3, 0 4, 0 5, 0 6, 0 7, 0 8, 0 9, 0 10, 0 11, 0 12, 0 13, 0 14, 0 15, 0 16, 0 17, 1 17, 2 17, 3 17, 4 17, 5 17, 6 17, 7 17, 7 16, 7 15, 7 14], [0 3, 0 4, 0 5, 0 6, 0 7, 0 8, 0 9, 0 10, 0 11, 0 12, 0 13, 0 14, 0 15, 0 16, 0 17, 1 17, 2 17, 3 17, 4 17, 5 17, 6 17, 7 17, 7 16, 7 15, 8 15], [0 3, 0 2, 1 2, 2 2, 3 2, 4 2, 5 2, 5 3, 5 4, 6 4, 6 5, 7 5, 7 6, 7 7, 7 8, 8 8, 9 8, 9 9, 9 10, 9 11, 9 12, 9 13, 9 14, 9 15, 9 16]]
Iteration Number: 0
Length of paths: 1
Lenght of pathtime:3
Paths:[[0 3]]
Pathstime:[[0 3, 0 4], [0 3, 0 2], [0 3, 1 3]]
Iteration Number: 1
Length of paths: 3
Lenght of pathtime:5
Paths:[[0 3, 0 4], [0 3, 0 2], [0 3, 1 3]]
Pathstime:[[0 3, 0 4, 0 5], [0 3, 0 4, 1 4], [0 3, 0 2, 0 1], [0 3, 0 2, 1 2], [0 3, 1 3, 2 3]]
Iteration Number: 2
Length of paths: 5
Lenght of pathtime:5
Paths:[[0 3, 0 4, 0 5], [0 3, 0 4, 1 4], [0 3, 0 2, 0 1], [0 3, 0 2, 1 2], [0 3, 1 3, 2 3]]
Pathstime:[[0 3, 0 4, 0 5, 0 6], [0 3, 0 4, 0 5, 1 5], [0 3, 0 2, 0 1, 0 0], [0 3, 0 2, 0 1, 1 1], [0 3, 1 3, 2 3, 3 3]]
Iteration Number: 3
Length of paths: 5
Lenght of pathtime:7
Paths:[[0 3, 0 4, 0 5, 0 6], [0 3, 0 4, 0 5, 1 5], [0 3, 0 2, 0 1, 0 0], [0 3, 0 2, 0 1, 1 1], [0 3, 1 3, 2 3, 3 3]]
Pathstime:[[0 3, 0 4, 0 5, 0 6, 0 7], [0 3, 0 4, 0 5, 0 6, 1 6], [0 3, 0 4, 0 5, 1 5, 2 5], [0 3, 0 2, 0 1, 0 0, 1 0], [0 3, 0 2, 0 1, 1 1, 2 1], [0 3, 1 3, 2 3, 3 3, 3 4], [0 3, 1 3, 2 3, 3 3, 4 3]]
Iteration Number: 4
Length of paths: 7
Lenght of pathtime:8
Paths:[[0 3, 0 4, 0 5, 0 6, 0 7], [0 3, 0 4, 0 5, 0 6, 1 6], [0 3, 0 4, 0 5, 1 5, 2 5], [0 3, 0 2, 0 1, 0 0, 1 0], [0 3, 0 2, 0 1, 1 1, 2 1], [0 3, 1 3, 2 3, 3 3, 3 4], [0 3, 1 3, 2 3, 3 3, 4 3]]
Pathstime:[[0 3, 0 4, 0 5, 0 6, 0 7, 0 8], [0 3, 0 4, 0 5, 0 6, 0 7, 1 7], [0 3, 0 4, 0 5, 0 6, 1 6, 2 6], [0 3, 0 4, 0 5, 1 5, 2 5, 3 5], [0 3, 0 2, 0 1, 1 1, 2 1, 3 1], [0 3, 1 3, 2 3, 3 3, 3 4, 4 4], [0 3, 1 3, 2 3, 3 3, 4 3, 4 2], [0 3, 1 3, 2 3, 3 3, 4 3, 5 3]]
Iteration Number: 0
Length of paths: 1
Lenght of pathtime:3
Paths:[[0 3]]
Pathstime:[[0 3, 0 4], [0 3, 0 2], [0 3, 1 3]]
Iteration Number: 1
Length of paths: 3
Lenght of pathtime:5
Paths:[[0 3, 0 4], [0 3, 0 2], [0 3, 1 3]]
Pathstime:[[0 3, 0 4, 0 5], [0 3, 0 4, 1 4], [0 3, 0 2, 0 1], [0 3, 0 2, 1 2], [0 3, 1 3, 2 3]]
Iteration Number: 2
Length of paths: 5
Lenght of pathtime:5
Paths:[[0 3, 0 4, 0 5], [0 3, 0 4, 1 4], [0 3, 0 2, 0 1], [0 3, 0 2, 1 2], [0 3, 1 3, 2 3]]
Pathstime:[[0 3, 0 4, 0 5, 0 6], [0 3, 0 4, 0 5, 1 5], [0 3, 0 2, 0 1, 0 0], [0 3, 0 2, 1 2, 2 2], [0 3, 1 3, 2 3, 3 3]]
Iteration Number: 3
Length of paths: 5
Lenght of pathtime:6
Paths:[[0 3, 0 4, 0 5, 0 6], [0 3, 0 4, 0 5, 1 5], [0 3, 0 2, 0 1, 0 0], [0 3, 0 2, 1 2, 2 2], [0 3, 1 3, 2 3, 3 3]]
Pathstime:[[0 3, 0 4, 0 5, 0 6, 0 7], [0 3, 0 4, 0 5, 0 6, 1 6], [0 3, 0 4, 0 5, 1 5, 2 5], [0 3, 0 2, 1 2, 2 2, 2 1], [0 3, 1 3, 2 3, 3 3, 3 4], [0 3, 1 3, 2 3, 3 3, 4 3]]
Iteration Number: 4
Length of paths: 6
Lenght of pathtime:8
Paths:[[0 3, 0 4, 0 5, 0 6, 0 7], [0 3, 0 4, 0 5, 0 6, 1 6], [0 3, 0 4, 0 5, 1 5, 2 5], [0 3, 0 2, 1 2, 2 2, 2 1], [0 3, 1 3, 2 3, 3 3, 3 4], [0 3, 1 3, 2 3, 3 3, 4 3]]
Pathstime:[[0 3, 0 4, 0 5, 0 6, 0 7, 0 8], [0 3, 0 4, 0 5, 0 6, 0 7, 1 7], [0 3, 0 4, 0 5, 0 6, 1 6, 2 6], [0 3, 0 4, 0 5, 1 5, 2 5, 3 5], [0 3, 0 2, 1 2, 2 2, 2 1, 2 0], [0 3, 0 2, 1 2, 2 2, 2 1, 3 1], [0 3, 1 3, 2 3, 3 3, 3 4, 4 4], [0 3, 1 3, 2 3, 3 3, 4 3, 4 2]]
Iteration Number: 5
Length of paths: 8
Lenght of pathtime:7
Paths:[[0 3, 0 4, 0 5, 0 6, 0 7, 0 8], [0 3, 0 4, 0 5, 0 6, 0 7, 1 7], [0 3, 0 4, 0 5, 0 6, 1 6, 2 6], [0 3, 0 4, 0 5, 1 5, 2 5, 3 5], [0 3, 0 2, 1 2, 2 2, 2 1, 2 0], [0 3, 0 2, 1 2, 2 2, 2 1, 3 1], [0 3, 1 3, 2 3, 3 3, 3 4, 4 4], [0 3, 1 3, 2 3, 3 3, 4 3, 4 2]]
Pathstime:[[0 3, 0 4, 0 5, 0 6, 0 7, 0 8, 0 9], [0 3, 0 4, 0 5, 0 6, 0 7, 0 8, 1 8], [0 3, 0 4, 0 5, 1 5, 2 5, 3 5, 4 5], [0 3, 0 2, 1 2, 2 2, 2 1, 2 0, 3 0], [0 3, 0 2, 1 2, 2 2, 2 1, 3 1, 4 1], [0 3, 1 3, 2 3, 3 3, 3 4, 4 4, 5 4], [0 3, 1 3, 2 3, 3 3, 4 3, 4 2, 5 2]]
Iteration Number: 6
Length of paths: 7
Lenght of pathtime:4
Paths:[[0 3, 0 4, 0 5, 0 6, 0 7, 0 8, 0 9], [0 3, 0 4, 0 5, 0 6, 0 7, 0 8, 1 8], [0 3, 0 4, 0 5, 1 5, 2 5, 3 5, 4 5], [0 3, 0 2, 1 2, 2 2, 2 1, 2 0, 3 0], [0 3, 0 2, 1 2, 2 2, 2 1, 3 1, 4 1], [0 3, 1 3, 2 3, 3 3, 3 4, 4 4, 5 4], [0 3, 1 3, 2 3, 3 3, 4 3, 4 2, 5 2]]
Pathstime:[[0 3, 0 4, 0 5, 0 6, 0 7, 0 8, 0 9, 0 10], [0 3, 0 4, 0 5, 1 5, 2 5, 3 5, 4 5, 5 5], [0 3, 0 2, 1 2, 2 2, 2 1, 3 1, 4 1, 5 1], [0 3, 1 3, 2 3, 3 3, 3 4, 4 4, 5 4, 6 4]]
Iteration Number: 7
Length of paths: 4
Lenght of pathtime:8
Paths:[[0 3, 0 4, 0 5, 0 6, 0 7, 0 8, 0 9, 0 10], [0 3, 0 4, 0 5, 1 5, 2 5, 3 5, 4 5, 5 5], [0 3, 0 2, 1 2, 2 2, 2 1, 3 1, 4 1, 5 1], [0 3, 1 3, 2 3, 3 3, 3 4, 4 4, 5 4, 6 4]]
Pathstime:[[0 3, 0 4, 0 5, 0 6, 0 7, 0 8, 0 9, 0 10, 0 11], [0 3, 0 4, 0 5, 0 6, 0 7, 0 8, 0 9, 0 10, 1 10], [0 3, 0 4, 0 5, 1 5, 2 5, 3 5, 4 5, 5 5, 5 6], [0 3, 0 4, 0 5, 1 5, 2 5, 3 5, 4 5, 5 5, 6 5], [0 3, 0 2, 1 2, 2 2, 2 1, 3 1, 4 1, 5 1, 5 0], [0 3, 0 2, 1 2, 2 2, 2 1, 3 1, 4 1, 5 1, 6 1], [0 3, 1 3, 2 3, 3 3, 3 4, 4 4, 5 4, 6 4, 6 3], [0 3, 1 3, 2 3, 3 3, 3 4, 4 4, 5 4, 6 4, 7 4]]
Iteration Number: 8
Length of paths: 8
Lenght of pathtime:8
Paths:[[0 3, 0 4, 0 5, 0 6, 0 7, 0 8, 0 9, 0 10, 0 11], [0 3, 0 4, 0 5, 0 6, 0 7, 0 8, 0 9, 0 10, 1 10], [0 3, 0 4, 0 5, 1 5, 2 5, 3 5, 4 5, 5 5, 5 6], [0 3, 0 4, 0 5, 1 5, 2 5, 3 5, 4 5, 5 5, 6 5], [0 3, 0 2, 1 2, 2 2, 2 1, 3 1, 4 1, 5 1, 5 0], [0 3, 0 2, 1 2, 2 2, 2 1, 3 1, 4 1, 5 1, 6 1], [0 3, 1 3, 2 3, 3 3, 3 4, 4 4, 5 4, 6 4, 6 3], [0 3, 1 3, 2 3, 3 3, 3 4, 4 4, 5 4, 6 4, 7 4]]
Pathstime:[[0 3, 0 4, 0 5, 0 6, 0 7, 0 8, 0 9, 0 10, 0 11, 0 12], [0 3, 0 4, 0 5, 0 6, 0 7, 0 8, 0 9, 0 10, 0 11, 1 11], [0 3, 0 4, 0 5, 0 6, 0 7, 0 8, 0 9, 0 10, 1 10, 2 10], [0 3, 0 4, 0 5, 1 5, 2 5, 3 5, 4 5, 5 5, 5 6, 5 7], [0 3, 0 4, 0 5, 1 5, 2 5, 3 5, 4 5, 5 5, 5 6, 6 6], [0 3, 0 2, 1 2, 2 2, 2 1, 3 1, 4 1, 5 1, 5 0, 6 0], [0 3, 1 3, 2 3, 3 3, 3 4, 4 4, 5 4, 6 4, 6 3, 7 3], [0 3, 1 3, 2 3, 3 3, 3 4, 4 4, 5 4, 6 4, 7 4, 8 4]]
Iteration Number: 9
Length of paths: 8
Lenght of pathtime:13
Paths:[[0 3, 0 4, 0 5, 0 6, 0 7, 0 8, 0 9, 0 10, 0 11, 0 12], [0 3, 0 4, 0 5, 0 6, 0 7, 0 8, 0 9, 0 10, 0 11, 1 11], [0 3, 0 4, 0 5, 0 6, 0 7, 0 8, 0 9, 0 10, 1 10, 2 10], [0 3, 0 4, 0 5, 1 5, 2 5, 3 5, 4 5, 5 5, 5 6, 5 7], [0 3, 0 4, 0 5, 1 5, 2 5, 3 5, 4 5, 5 5, 5 6, 6 6], [0 3, 0 2, 1 2, 2 2, 2 1, 3 1, 4 1, 5 1, 5 0, 6 0], [0 3, 1 3, 2 3, 3 3, 3 4, 4 4, 5 4, 6 4, 6 3, 7 3], [0 3, 1 3, 2 3, 3 3, 3 4, 4 4, 5 4, 6 4, 7 4, 8 4]]
Pathstime:[[0 3, 0 4, 0 5, 0 6, 0 7, 0 8, 0 9, 0 10, 0 11, 0 12, 0 13], [0 3, 0 4, 0 5, 0 6, 0 7, 0 8, 0 9, 0 10, 0 11, 0 12, 1 12], [0 3, 0 4, 0 5, 0 6, 0 7, 0 8, 0 9, 0 10, 0 11, 1 11, 2 11], [0 3, 0 4, 0 5, 0 6, 0 7, 0 8, 0 9, 0 10, 1 10, 2 10, 2 9], [0 3, 0 4, 0 5, 0 6, 0 7, 0 8, 0 9, 0 10, 1 10, 2 10, 3 10], [0 3, 0 4, 0 5, 1 5, 2 5, 3 5, 4 5, 5 5, 5 6, 5 7, 4 7], [0 3, 0 4, 0 5, 1 5, 2 5, 3 5, 4 5, 5 5, 5 6, 5 7, 5 8], [0 3, 0 4, 0 5, 1 5, 2 5, 3 5, 4 5, 5 5, 5 6, 5 7, 6 7], [0 3, 0 4, 0 5, 1 5, 2 5, 3 5, 4 5, 5 5, 5 6, 6 6, 7 6], [0 3, 0 2, 1 2, 2 2, 2 1, 3 1, 4 1, 5 1, 5 0, 6 0, 7 0], [0 3, 1 3, 2 3, 3 3, 3 4, 4 4, 5 4, 6 4, 6 3, 7 3, 8 3], [0 3, 1 3, 2 3, 3 3, 3 4, 4 4, 5 4, 6 4, 7 4, 8 4, 8 5], [0 3, 1 3, 2 3, 3 3, 3 4, 4 4, 5 4, 6 4, 7 4, 8 4, 9 4]]
Iteration Number: 10
Length of paths: 13
Lenght of pathtime:12
Paths:[[0 3, 0 4, 0 5, 0 6, 0 7, 0 8, 0 9, 0 10, 0 11, 0 12, 0 13], [0 3, 0 4, 0 5, 0 6, 0 7, 0 8, 0 9, 0 10, 0 11, 0 12, 1 12], [0 3, 0 4, 0 5, 0 6, 0 7, 0 8, 0 9, 0 10, 0 11, 1 11, 2 11], [0 3, 0 4, 0 5, 0 6, 0 7, 0 8, 0 9, 0 10, 1 10, 2 10, 2 9], [0 3, 0 4, 0 5, 0 6, 0 7, 0 8, 0 9, 0 10, 1 10, 2 10, 3 10], [0 3, 0 4, 0 5, 1 5, 2 5, 3 5, 4 5, 5 5, 5 6, 5 7, 4 7], [0 3, 0 4, 0 5, 1 5, 2 5, 3 5, 4 5, 5 5, 5 6, 5 7, 5 8], [0 3, 0 4, 0 5, 1 5, 2 5, 3 5, 4 5, 5 5, 5 6, 5 7, 6 7], [0 3, 0 4, 0 5, 1 5, 2 5, 3 5, 4 5, 5 5, 5 6, 6 6, 7 6], [0 3, 0 2, 1 2, 2 2, 2 1, 3 1, 4 1, 5 1, 5 0, 6 0, 7 0], [0 3, 1 3, 2 3, 3 3, 3 4, 4 4, 5 4, 6 4, 6 3, 7 3, 8 3], [0 3, 1 3, 2 3, 3 3, 3 4, 4 4, 5 4, 6 4, 7 4, 8 4, 8 5], [0 3, 1 3, 2 3, 3 3, 3 4, 4 4, 5 4, 6 4, 7 4, 8 4, 9 4]]
Pathstime:[[0 3, 0 4, 0 5, 0 6, 0 7, 0 8, 0 9, 0 10, 0 11, 0 12, 0 13, 0 14], [0 3, 0 4, 0 5, 0 6, 0 7, 0 8, 0 9, 0 10, 0 11, 0 12, 0 13, 1 13], [0 3, 0 4, 0 5, 0 6, 0 7, 0 8, 0 9, 0 10, 0 11, 1 11, 2 11, 3 11], [0 3, 0 4, 0 5, 1 5, 2 5, 3 5, 4 5, 5 5, 5 6, 5 7, 4 7, 3 7], [0 3, 0 4, 0 5, 1 5, 2 5, 3 5, 4 5, 5 5, 5 6, 5 7, 4 7, 4 8], [0 3, 0 4, 0 5, 1 5, 2 5, 3 5, 4 5, 5 5, 5 6, 5 7, 5 8, 5 9], [0 3, 0 4, 0 5, 1 5, 2 5, 3 5, 4 5, 5 5, 5 6, 5 7, 5 8, 6 8], [0 3, 0 4, 0 5, 1 5, 2 5, 3 5, 4 5, 5 5, 5 6, 5 7, 6 7, 7 7], [0 3, 0 4, 0 5, 1 5, 2 5, 3 5, 4 5, 5 5, 5 6, 6 6, 7 6, 8 6], [0 3, 1 3, 2 3, 3 3, 3 4, 4 4, 5 4, 6 4, 6 3, 7 3, 8 3, 8 2], [0 3, 1 3, 2 3, 3 3, 3 4, 4 4, 5 4, 6 4, 6 3, 7 3, 8 3, 9 3], [0 3, 1 3, 2 3, 3 3, 3 4, 4 4, 5 4, 6 4, 7 4, 8 4, 8 5, 9 5]]
Iteration Number: 11
Length of paths: 12
Lenght of pathtime:11
Paths:[[0 3, 0 4, 0 5, 0 6, 0 7, 0 8, 0 9, 0 10, 0 11, 0 12, 0 13, 0 14], [0 3, 0 4, 0 5, 0 6, 0 7, 0 8, 0 9, 0 10, 0 11, 0 12, 0 13, 1 13], [0 3, 0 4, 0 5, 0 6, 0 7, 0 8, 0 9, 0 10, 0 11, 1 11, 2 11, 3 11], [0 3, 0 4, 0 5, 1 5, 2 5, 3 5, 4 5, 5 5, 5 6, 5 7, 4 7, 3 7], [0 3, 0 4, 0 5, 1 5, 2 5, 3 5, 4 5, 5 5, 5 6, 5 7, 4 7, 4 8], [0 3, 0 4, 0 5, 1 5, 2 5, 3 5, 4 5, 5 5, 5 6, 5 7, 5 8, 5 9], [0 3, 0 4, 0 5, 1 5, 2 5, 3 5, 4 5, 5 5, 5 6, 5 7, 5 8, 6 8], [0 3, 0 4, 0 5, 1 5, 2 5, 3 5, 4 5, 5 5, 5 6, 5 7, 6 7, 7 7], [0 3, 0 4, 0 5, 1 5, 2 5, 3 5, 4 5, 5 5, 5 6, 6 6, 7 6, 8 6], [0 3, 1 3, 2 3, 3 3, 3 4, 4 4, 5 4, 6 4, 6 3, 7 3, 8 3, 8 2], [0 3, 1 3, 2 3, 3 3, 3 4, 4 4, 5 4, 6 4, 6 3, 7 3, 8 3, 9 3], [0 3, 1 3, 2 3, 3 3, 3 4, 4 4, 5 4, 6 4, 7 4, 8 4, 8 5, 9 5]]
Pathstime:[[0 3, 0 4, 0 5, 0 6, 0 7, 0 8, 0 9, 0 10, 0 11, 0 12, 0 13, 0 14, 0 15], [0 3, 0 4, 0 5, 0 6, 0 7, 0 8, 0 9, 0 10, 0 11, 0 12, 0 13, 0 14, 1 14], [0 3, 0 4, 0 5, 0 6, 0 7, 0 8, 0 9, 0 10, 0 11, 0 12, 0 13, 1 13, 2 13], [0 3, 0 4, 0 5, 1 5, 2 5, 3 5, 4 5, 5 5, 5 6, 5 7, 4 7, 3 7, 3 8], [0 3, 0 4, 0 5, 1 5, 2 5, 3 5, 4 5, 5 5, 5 6, 5 7, 4 7, 4 8, 4 9], [0 3, 0 4, 0 5, 1 5, 2 5, 3 5, 4 5, 5 5, 5 6, 5 7, 5 8, 5 9, 5 10], [0 3, 0 4, 0 5, 1 5, 2 5, 3 5, 4 5, 5 5, 5 6, 5 7, 5 8, 5 9, 6 9], [0 3, 0 4, 0 5, 1 5, 2 5, 3 5, 4 5, 5 5, 5 6, 5 7, 6 7, 7 7, 8 7], [0 3, 0 4, 0 5, 1 5, 2 5, 3 5, 4 5, 5 5, 5 6, 6 6, 7 6, 8 6, 9 6], [0 3, 1 3, 2 3, 3 3, 3 4, 4 4, 5 4, 6 4, 6 3, 7 3, 8 3, 8 2, 8 1], [0 3, 1 3, 2 3, 3 3, 3 4, 4 4, 5 4, 6 4, 6 3, 7 3, 8 3, 8 2, 9 2]]
Iteration Number: 12
Length of paths: 11
Lenght of pathtime:10
Paths:[[0 3, 0 4, 0 5, 0 6, 0 7, 0 8, 0 9, 0 10, 0 11, 0 12, 0 13, 0 14, 0 15], [0 3, 0 4, 0 5, 0 6, 0 7, 0 8, 0 9, 0 10, 0 11, 0 12, 0 13, 0 14, 1 14], [0 3, 0 4, 0 5, 0 6, 0 7, 0 8, 0 9, 0 10, 0 11, 0 12, 0 13, 1 13, 2 13], [0 3, 0 4, 0 5, 1 5, 2 5, 3 5, 4 5, 5 5, 5 6, 5 7, 4 7, 3 7, 3 8], [0 3, 0 4, 0 5, 1 5, 2 5, 3 5, 4 5, 5 5, 5 6, 5 7, 4 7, 4 8, 4 9], [0 3, 0 4, 0 5, 1 5, 2 5, 3 5, 4 5, 5 5, 5 6, 5 7, 5 8, 5 9, 5 10], [0 3, 0 4, 0 5, 1 5, 2 5, 3 5, 4 5, 5 5, 5 6, 5 7, 5 8, 5 9, 6 9], [0 3, 0 4, 0 5, 1 5, 2 5, 3 5, 4 5, 5 5, 5 6, 5 7, 6 7, 7 7, 8 7], [0 3, 0 4, 0 5, 1 5, 2 5, 3 5, 4 5, 5 5, 5 6, 6 6, 7 6, 8 6, 9 6], [0 3, 1 3, 2 3, 3 3, 3 4, 4 4, 5 4, 6 4, 6 3, 7 3, 8 3, 8 2, 8 1], [0 3, 1 3, 2 3, 3 3, 3 4, 4 4, 5 4, 6 4, 6 3, 7 3, 8 3, 8 2, 9 2]]
Pathstime:[[0 3, 0 4, 0 5, 0 6, 0 7, 0 8, 0 9, 0 10, 0 11, 0 12, 0 13, 0 14, 0 15, 0 16], [0 3, 0 4, 0 5, 0 6, 0 7, 0 8, 0 9, 0 10, 0 11, 0 12, 0 13, 0 14, 0 15, 1 15], [0 3, 0 4, 0 5, 0 6, 0 7, 0 8, 0 9, 0 10, 0 11, 0 12, 0 13, 0 14, 1 14, 2 14], [0 3, 0 4, 0 5, 0 6, 0 7, 0 8, 0 9, 0 10, 0 11, 0 12, 0 13, 1 13, 2 13, 3 13], [0 3, 0 4, 0 5, 1 5, 2 5, 3 5, 4 5, 5 5, 5 6, 5 7, 5 8, 5 9, 5 10, 5 11], [0 3, 0 4, 0 5, 1 5, 2 5, 3 5, 4 5, 5 5, 5 6, 5 7, 5 8, 5 9, 5 10, 6 10], [0 3, 0 4, 0 5, 1 5, 2 5, 3 5, 4 5, 5 5, 5 6, 5 7, 5 8, 5 9, 6 9, 7 9], [0 3, 0 4, 0 5, 1 5, 2 5, 3 5, 4 5, 5 5, 5 6, 5 7, 6 7, 7 7, 8 7, 8 8], [0 3, 0 4, 0 5, 1 5, 2 5, 3 5, 4 5, 5 5, 5 6, 5 7, 6 7, 7 7, 8 7, 9 7], [0 3, 1 3, 2 3, 3 3, 3 4, 4 4, 5 4, 6 4, 6 3, 7 3, 8 3, 8 2, 8 1, 9 1]]
Iteration Number: 13
Length of paths: 10
Lenght of pathtime:11
Paths:[[0 3, 0 4, 0 5, 0 6, 0 7, 0 8, 0 9, 0 10, 0 11, 0 12, 0 13, 0 14, 0 15, 0 16], [0 3, 0 4, 0 5, 0 6, 0 7, 0 8, 0 9, 0 10, 0 11, 0 12, 0 13, 0 14, 0 15, 1 15], [0 3, 0 4, 0 5, 0 6, 0 7, 0 8, 0 9, 0 10, 0 11, 0 12, 0 13, 0 14, 1 14, 2 14], [0 3, 0 4, 0 5, 0 6, 0 7, 0 8, 0 9, 0 10, 0 11, 0 12, 0 13, 1 13, 2 13, 3 13], [0 3, 0 4, 0 5, 1 5, 2 5, 3 5, 4 5, 5 5, 5 6, 5 7, 5 8, 5 9, 5 10, 5 11], [0 3, 0 4, 0 5, 1 5, 2 5, 3 5, 4 5, 5 5, 5 6, 5 7, 5 8, 5 9, 5 10, 6 10], [0 3, 0 4, 0 5, 1 5, 2 5, 3 5, 4 5, 5 5, 5 6, 5 7, 5 8, 5 9, 6 9, 7 9], [0 3, 0 4, 0 5, 1 5, 2 5, 3 5, 4 5, 5 5, 5 6, 5 7, 6 7, 7 7, 8 7, 8 8], [0 3, 0 4, 0 5, 1 5, 2 5, 3 5, 4 5, 5 5, 5 6, 5 7, 6 7, 7 7, 8 7, 9 7], [0 3, 1 3, 2 3, 3 3, 3 4, 4 4, 5 4, 6 4, 6 3, 7 3, 8 3, 8 2, 8 1, 9 1]]
Pathstime:[[0 3, 0 4, 0 5, 0 6, 0 7, 0 8, 0 9, 0 10, 0 11, 0 12, 0 13, 0 14, 0 15, 0 16, 0 17], [0 3, 0 4, 0 5, 0 6, 0 7, 0 8, 0 9, 0 10, 0 11, 0 12, 0 13, 0 14, 0 15, 0 16, 1 16], [0 3, 0 4, 0 5, 0 6, 0 7, 0 8, 0 9, 0 10, 0 11, 0 12, 0 13, 0 14, 0 15, 1 15, 2 15], [0 3, 0 4, 0 5, 0 6, 0 7, 0 8, 0 9, 0 10, 0 11, 0 12, 0 13, 0 14, 1 14, 2 14, 3 14], [0 3, 0 4, 0 5, 0 6, 0 7, 0 8, 0 9, 0 10, 0 11, 0 12, 0 13, 1 13, 2 13, 3 13, 4 13], [0 3, 0 4, 0 5, 1 5, 2 5, 3 5, 4 5, 5 5, 5 6, 5 7, 5 8, 5 9, 5 10, 5 11, 5 12], [0 3, 0 4, 0 5, 1 5, 2 5, 3 5, 4 5, 5 5, 5 6, 5 7, 5 8, 5 9, 5 10, 5 11, 6 11], [0 3, 0 4, 0 5, 1 5, 2 5, 3 5, 4 5, 5 5, 5 6, 5 7, 5 8, 5 9, 5 10, 6 10, 7 10], [0 3, 0 4, 0 5, 1 5, 2 5, 3 5, 4 5, 5 5, 5 6, 5 7, 5 8, 5 9, 6 9, 7 9, 8 9], [0 3, 0 4, 0 5, 1 5, 2 5, 3 5, 4 5, 5 5, 5 6, 5 7, 6 7, 7 7, 8 7, 8 8, 9 8], [0 3, 1 3, 2 3, 3 3, 3 4, 4 4, 5 4, 6 4, 6 3, 7 3, 8 3, 8 2, 8 1, 9 1, 9 0]]
Iteration Number: 14
Length of paths: 11
Lenght of pathtime:8
Paths:[[0 3, 0 4, 0 5, 0 6, 0 7, 0 8, 0 9, 0 10, 0 11, 0 12, 0 13, 0 14, 0 15, 0 16, 0 17], [0 3, 0 4, 0 5, 0 6, 0 7, 0 8, 0 9, 0 10, 0 11, 0 12, 0 13, 0 14, 0 15, 0 16, 1 16], [0 3, 0 4, 0 5, 0 6, 0 7, 0 8, 0 9, 0 10, 0 11, 0 12, 0 13, 0 14, 0 15, 1 15, 2 15], [0 3, 0 4, 0 5, 0 6, 0 7, 0 8, 0 9, 0 10, 0 11, 0 12, 0 13, 0 14, 1 14, 2 14, 3 14], [0 3, 0 4, 0 5, 0 6, 0 7, 0 8, 0 9, 0 10, 0 11, 0 12, 0 13, 1 13, 2 13, 3 13, 4 13], [0 3, 0 4, 0 5, 1 5, 2 5, 3 5, 4 5, 5 5, 5 6, 5 7, 5 8, 5 9, 5 10, 5 11, 5 12], [0 3, 0 4, 0 5, 1 5, 2 5, 3 5, 4 5, 5 5, 5 6, 5 7, 5 8, 5 9, 5 10, 5 11, 6 11], [0 3, 0 4, 0 5, 1 5, 2 5, 3 5, 4 5, 5 5, 5 6, 5 7, 5 8, 5 9, 5 10, 6 10, 7 10], [0 3, 0 4, 0 5, 1 5, 2 5, 3 5, 4 5, 5 5, 5 6, 5 7, 5 8, 5 9, 6 9, 7 9, 8 9], [0 3, 0 4, 0 5, 1 5, 2 5, 3 5, 4 5, 5 5, 5 6, 5 7, 6 7, 7 7, 8 7, 8 8, 9 8], [0 3, 1 3, 2 3, 3 3, 3 4, 4 4, 5 4, 6 4, 6 3, 7 3, 8 3, 8 2, 8 1, 9 1, 9 0]]
Pathstime:[[0 3, 0 4, 0 5, 0 6, 0 7, 0 8, 0 9, 0 10, 0 11, 0 12, 0 13, 0 14, 0 15, 0 16, 0 17, 0 18], [0 3, 0 4, 0 5, 0 6, 0 7, 0 8, 0 9, 0 10, 0 11, 0 12, 0 13, 0 14, 0 15, 0 16, 0 17, 1 17], [0 3, 0 4, 0 5, 0 6, 0 7, 0 8, 0 9, 0 10, 0 11, 0 12, 0 13, 0 14, 0 15, 0 16, 1 16, 2 16], [0 3, 0 4, 0 5, 0 6, 0 7, 0 8, 0 9, 0 10, 0 11, 0 12, 0 13, 0 14, 1 14, 2 14, 3 14, 4 14], [0 3, 0 4, 0 5, 0 6, 0 7, 0 8, 0 9, 0 10, 0 11, 0 12, 0 13, 1 13, 2 13, 3 13, 4 13, 4 12], [0 3, 0 4, 0 5, 0 6, 0 7, 0 8, 0 9, 0 10, 0 11, 0 12, 0 13, 1 13, 2 13, 3 13, 4 13, 5 13], [0 3, 0 4, 0 5, 1 5, 2 5, 3 5, 4 5, 5 5, 5 6, 5 7, 5 8, 5 9, 5 10, 5 11, 6 11, 7 11], [0 3, 0 4, 0 5, 1 5, 2 5, 3 5, 4 5, 5 5, 5 6, 5 7, 5 8, 5 9, 6 9, 7 9, 8 9, 9 9]]
Iteration Number: 15
Length of paths: 8
Lenght of pathtime:9
Paths:[[0 3, 0 4, 0 5, 0 6, 0 7, 0 8, 0 9, 0 10, 0 11, 0 12, 0 13, 0 14, 0 15, 0 16, 0 17, 0 18], [0 3, 0 4, 0 5, 0 6, 0 7, 0 8, 0 9, 0 10, 0 11, 0 12, 0 13, 0 14, 0 15, 0 16, 0 17, 1 17], [0 3, 0 4, 0 5, 0 6, 0 7, 0 8, 0 9, 0 10, 0 11, 0 12, 0 13, 0 14, 0 15, 0 16, 1 16, 2 16], [0 3, 0 4, 0 5, 0 6, 0 7, 0 8, 0 9, 0 10, 0 11, 0 12, 0 13, 0 14, 1 14, 2 14, 3 14, 4 14], [0 3, 0 4, 0 5, 0 6, 0 7, 0 8, 0 9, 0 10, 0 11, 0 12, 0 13, 1 13, 2 13, 3 13, 4 13, 4 12], [0 3, 0 4, 0 5, 0 6, 0 7, 0 8, 0 9, 0 10, 0 11, 0 12, 0 13, 1 13, 2 13, 3 13, 4 13, 5 13], [0 3, 0 4, 0 5, 1 5, 2 5, 3 5, 4 5, 5 5, 5 6, 5 7, 5 8, 5 9, 5 10, 5 11, 6 11, 7 11], [0 3, 0 4, 0 5, 1 5, 2 5, 3 5, 4 5, 5 5, 5 6, 5 7, 5 8, 5 9, 6 9, 7 9, 8 9, 9 9]]
Pathstime:[[0 3, 0 4, 0 5, 0 6, 0 7, 0 8, 0 9, 0 10, 0 11, 0 12, 0 13, 0 14, 0 15, 0 16, 0 17, 0 18, 0 19], [0 3, 0 4, 0 5, 0 6, 0 7, 0 8, 0 9, 0 10, 0 11, 0 12, 0 13, 0 14, 0 15, 0 16, 0 17, 0 18, 1 18], [0 3, 0 4, 0 5, 0 6, 0 7, 0 8, 0 9, 0 10, 0 11, 0 12, 0 13, 0 14, 0 15, 0 16, 0 17, 1 17, 2 17], [0 3, 0 4, 0 5, 0 6, 0 7, 0 8, 0 9, 0 10, 0 11, 0 12, 0 13, 0 14, 1 14, 2 14, 3 14, 4 14, 4 15], [0 3, 0 4, 0 5, 0 6, 0 7, 0 8, 0 9, 0 10, 0 11, 0 12, 0 13, 0 14, 1 14, 2 14, 3 14, 4 14, 5 14], [0 3, 0 4, 0 5, 0 6, 0 7, 0 8, 0 9, 0 10, 0 11, 0 12, 0 13, 1 13, 2 13, 3 13, 4 13, 5 13, 6 13], [0 3, 0 4, 0 5, 1 5, 2 5, 3 5, 4 5, 5 5, 5 6, 5 7, 5 8, 5 9, 5 10, 5 11, 6 11, 7 11, 7 12], [0 3, 0 4, 0 5, 1 5, 2 5, 3 5, 4 5, 5 5, 5 6, 5 7, 5 8, 5 9, 5 10, 5 11, 6 11, 7 11, 8 11], [0 3, 0 4, 0 5, 1 5, 2 5, 3 5, 4 5, 5 5, 5 6, 5 7, 5 8, 5 9, 6 9, 7 9, 8 9, 9 9, 9 10]]
Iteration Number: 16
Length of paths: 9
Lenght of pathtime:5
Paths:[[0 3, 0 4, 0 5, 0 6, 0 7, 0 8, 0 9, 0 10, 0 11, 0 12, 0 13, 0 14, 0 15, 0 16, 0 17, 0 18, 0 19], [0 3, 0 4, 0 5, 0 6, 0 7, 0 8, 0 9, 0 10, 0 11, 0 12, 0 13, 0 14, 0 15, 0 16, 0 17, 0 18, 1 18], [0 3, 0 4, 0 5, 0 6, 0 7, 0 8, 0 9, 0 10, 0 11, 0 12, 0 13, 0 14, 0 15, 0 16, 0 17, 1 17, 2 17], [0 3, 0 4, 0 5, 0 6, 0 7, 0 8, 0 9, 0 10, 0 11, 0 12, 0 13, 0 14, 1 14, 2 14, 3 14, 4 14, 4 15], [0 3, 0 4, 0 5, 0 6, 0 7, 0 8, 0 9, 0 10, 0 11, 0 12, 0 13, 0 14, 1 14, 2 14, 3 14, 4 14, 5 14], [0 3, 0 4, 0 5, 0 6, 0 7, 0 8, 0 9, 0 10, 0 11, 0 12, 0 13, 1 13, 2 13, 3 13, 4 13, 5 13, 6 13], [0 3, 0 4, 0 5, 1 5, 2 5, 3 5, 4 5, 5 5, 5 6, 5 7, 5 8, 5 9, 5 10, 5 11, 6 11, 7 11, 7 12], [0 3, 0 4, 0 5, 1 5, 2 5, 3 5, 4 5, 5 5, 5 6, 5 7, 5 8, 5 9, 5 10, 5 11, 6 11, 7 11, 8 11], [0 3, 0 4, 0 5, 1 5, 2 5, 3 5, 4 5, 5 5, 5 6, 5 7, 5 8, 5 9, 6 9, 7 9, 8 9, 9 9, 9 10]]
Pathstime:[[0 3, 0 4, 0 5, 0 6, 0 7, 0 8, 0 9, 0 10, 0 11, 0 12, 0 13, 0 14, 0 15, 0 16, 0 17, 0 18, 1 18, 2 18], [0 3, 0 4, 0 5, 0 6, 0 7, 0 8, 0 9, 0 10, 0 11, 0 12, 0 13, 0 14, 0 15, 0 16, 0 17, 1 17, 2 17, 3 17], [0 3, 0 4, 0 5, 0 6, 0 7, 0 8, 0 9, 0 10, 0 11, 0 12, 0 13, 0 14, 1 14, 2 14, 3 14, 4 14, 4 15, 4 16], [0 3, 0 4, 0 5, 0 6, 0 7, 0 8, 0 9, 0 10, 0 11, 0 12, 0 13, 0 14, 1 14, 2 14, 3 14, 4 14, 5 14, 6 14], [0 3, 0 4, 0 5, 1 5, 2 5, 3 5, 4 5, 5 5, 5 6, 5 7, 5 8, 5 9, 5 10, 5 11, 6 11, 7 11, 8 11, 9 11]]
Iteration Number: 17
Length of paths: 5
Lenght of pathtime:6
Paths:[[0 3, 0 4, 0 5, 0 6, 0 7, 0 8, 0 9, 0 10, 0 11, 0 12, 0 13, 0 14, 0 15, 0 16, 0 17, 0 18, 1 18, 2 18], [0 3, 0 4, 0 5, 0 6, 0 7, 0 8, 0 9, 0 10, 0 11, 0 12, 0 13, 0 14, 0 15, 0 16, 0 17, 1 17, 2 17, 3 17], [0 3, 0 4, 0 5, 0 6, 0 7, 0 8, 0 9, 0 10, 0 11, 0 12, 0 13, 0 14, 1 14, 2 14, 3 14, 4 14, 4 15, 4 16], [0 3, 0 4, 0 5, 0 6, 0 7, 0 8, 0 9, 0 10, 0 11, 0 12, 0 13, 0 14, 1 14, 2 14, 3 14, 4 14, 5 14, 6 14], [0 3, 0 4, 0 5, 1 5, 2 5, 3 5, 4 5, 5 5, 5 6, 5 7, 5 8, 5 9, 5 10, 5 11, 6 11, 7 11, 8 11, 9 11]]
Pathstime:[[0 3, 0 4, 0 5, 0 6, 0 7, 0 8, 0 9, 0 10, 0 11, 0 12, 0 13, 0 14, 0 15, 0 16, 0 17, 0 18, 1 18, 2 18, 3 18], [0 3, 0 4, 0 5, 0 6, 0 7, 0 8, 0 9, 0 10, 0 11, 0 12, 0 13, 0 14, 0 15, 0 16, 0 17, 1 17, 2 17, 3 17, 4 17], [0 3, 0 4, 0 5, 0 6, 0 7, 0 8, 0 9, 0 10, 0 11, 0 12, 0 13, 0 14, 1 14, 2 14, 3 14, 4 14, 4 15, 4 16, 5 16], [0 3, 0 4, 0 5, 0 6, 0 7, 0 8, 0 9, 0 10, 0 11, 0 12, 0 13, 0 14, 1 14, 2 14, 3 14, 4 14, 5 14, 6 14, 6 15], [0 3, 0 4, 0 5, 0 6, 0 7, 0 8, 0 9, 0 10, 0 11, 0 12, 0 13, 0 14, 1 14, 2 14, 3 14, 4 14, 5 14, 6 14, 7 14], [0 3, 0 4, 0 5, 1 5, 2 5, 3 5, 4 5, 5 5, 5 6, 5 7, 5 8, 5 9, 5 10, 5 11, 6 11, 7 11, 8 11, 9 11, 9 12]]
Iteration Number: 18
Length of paths: 6
Lenght of pathtime:7
Paths:[[0 3, 0 4, 0 5, 0 6, 0 7, 0 8, 0 9, 0 10, 0 11, 0 12, 0 13, 0 14, 0 15, 0 16, 0 17, 0 18, 1 18, 2 18, 3 18], [0 3, 0 4, 0 5, 0 6, 0 7, 0 8, 0 9, 0 10, 0 11, 0 12, 0 13, 0 14, 0 15, 0 16, 0 17, 1 17, 2 17, 3 17, 4 17], [0 3, 0 4, 0 5, 0 6, 0 7, 0 8, 0 9, 0 10, 0 11, 0 12, 0 13, 0 14, 1 14, 2 14, 3 14, 4 14, 4 15, 4 16, 5 16], [0 3, 0 4, 0 5, 0 6, 0 7, 0 8, 0 9, 0 10, 0 11, 0 12, 0 13, 0 14, 1 14, 2 14, 3 14, 4 14, 5 14, 6 14, 6 15], [0 3, 0 4, 0 5, 0 6, 0 7, 0 8, 0 9, 0 10, 0 11, 0 12, 0 13, 0 14, 1 14, 2 14, 3 14, 4 14, 5 14, 6 14, 7 14], [0 3, 0 4, 0 5, 1 5, 2 5, 3 5, 4 5, 5 5, 5 6, 5 7, 5 8, 5 9, 5 10, 5 11, 6 11, 7 11, 8 11, 9 11, 9 12]]
Pathstime:[[0 3, 0 4, 0 5, 0 6, 0 7, 0 8, 0 9, 0 10, 0 11, 0 12, 0 13, 0 14, 0 15, 0 16, 0 17, 0 18, 1 18, 2 18, 3 18, 3 19], [0 3, 0 4, 0 5, 0 6, 0 7, 0 8, 0 9, 0 10, 0 11, 0 12, 0 13, 0 14, 0 15, 0 16, 0 17, 0 18, 1 18, 2 18, 3 18, 4 18], [0 3, 0 4, 0 5, 0 6, 0 7, 0 8, 0 9, 0 10, 0 11, 0 12, 0 13, 0 14, 0 15, 0 16, 0 17, 1 17, 2 17, 3 17, 4 17, 5 17], [0 3, 0 4, 0 5, 0 6, 0 7, 0 8, 0 9, 0 10, 0 11, 0 12, 0 13, 0 14, 1 14, 2 14, 3 14, 4 14, 4 15, 4 16, 5 16, 6 16], [0 3, 0 4, 0 5, 0 6, 0 7, 0 8, 0 9, 0 10, 0 11, 0 12, 0 13, 0 14, 1 14, 2 14, 3 14, 4 14, 5 14, 6 14, 6 15, 7 15], [0 3, 0 4, 0 5, 0 6, 0 7, 0 8, 0 9, 0 10, 0 11, 0 12, 0 13, 0 14, 1 14, 2 14, 3 14, 4 14, 5 14, 6 14, 7 14, 8 14], [0 3, 0 4, 0 5, 1 5, 2 5, 3 5, 4 5, 5 5, 5 6, 5 7, 5 8, 5 9, 5 10, 5 11, 6 11, 7 11, 8 11, 9 11, 9 12, 9 13]]
Iteration Number: 19
Length of paths: 7
Lenght of pathtime:5
Paths:[[0 3, 0 4, 0 5, 0 6, 0 7, 0 8, 0 9, 0 10, 0 11, 0 12, 0 13, 0 14, 0 15, 0 16, 0 17, 0 18, 1 18, 2 18, 3 18, 3 19], [0 3, 0 4, 0 5, 0 6, 0 7, 0 8, 0 9, 0 10, 0 11, 0 12, 0 13, 0 14, 0 15, 0 16, 0 17, 0 18, 1 18, 2 18, 3 18, 4 18], [0 3, 0 4, 0 5, 0 6, 0 7, 0 8, 0 9, 0 10, 0 11, 0 12, 0 13, 0 14, 0 15, 0 16, 0 17, 1 17, 2 17, 3 17, 4 17, 5 17], [0 3, 0 4, 0 5, 0 6, 0 7, 0 8, 0 9, 0 10, 0 11, 0 12, 0 13, 0 14, 1 14, 2 14, 3 14, 4 14, 4 15, 4 16, 5 16, 6 16], [0 3, 0 4, 0 5, 0 6, 0 7, 0 8, 0 9, 0 10, 0 11, 0 12, 0 13, 0 14, 1 14, 2 14, 3 14, 4 14, 5 14, 6 14, 6 15, 7 15], [0 3, 0 4, 0 5, 0 6, 0 7, 0 8, 0 9, 0 10, 0 11, 0 12, 0 13, 0 14, 1 14, 2 14, 3 14, 4 14, 5 14, 6 14, 7 14, 8 14], [0 3, 0 4, 0 5, 1 5, 2 5, 3 5, 4 5, 5 5, 5 6, 5 7, 5 8, 5 9, 5 10, 5 11, 6 11, 7 11, 8 11, 9 11, 9 12, 9 13]]
Pathstime:[[0 3, 0 4, 0 5, 0 6, 0 7, 0 8, 0 9, 0 10, 0 11, 0 12, 0 13, 0 14, 0 15, 0 16, 0 17, 0 18, 1 18, 2 18, 3 18, 3 19, 4 19], [0 3, 0 4, 0 5, 0 6, 0 7, 0 8, 0 9, 0 10, 0 11, 0 12, 0 13, 0 14, 0 15, 0 16, 0 17, 1 17, 2 17, 3 17, 4 17, 5 17, 6 17], [0 3, 0 4, 0 5, 0 6, 0 7, 0 8, 0 9, 0 10, 0 11, 0 12, 0 13, 0 14, 1 14, 2 14, 3 14, 4 14, 4 15, 4 16, 5 16, 6 16, 7 16], [0 3, 0 4, 0 5, 0 6, 0 7, 0 8, 0 9, 0 10, 0 11, 0 12, 0 13, 0 14, 1 14, 2 14, 3 14, 4 14, 5 14, 6 14, 6 15, 7 15, 8 15], [0 3, 0 4, 0 5, 0 6, 0 7, 0 8, 0 9, 0 10, 0 11, 0 12, 0 13, 0 14, 1 14, 2 14, 3 14, 4 14, 5 14, 6 14, 7 14, 8 14, 9 14]]
Iteration Number: 20
Length of paths: 5
Lenght of pathtime:3
Paths:[[0 3, 0 4, 0 5, 0 6, 0 7, 0 8, 0 9, 0 10, 0 11, 0 12, 0 13, 0 14, 0 15, 0 16, 0 17, 0 18, 1 18, 2 18, 3 18, 3 19, 4 19], [0 3, 0 4, 0 5, 0 6, 0 7, 0 8, 0 9, 0 10, 0 11, 0 12, 0 13, 0 14, 0 15, 0 16, 0 17, 1 17, 2 17, 3 17, 4 17, 5 17, 6 17], [0 3, 0 4, 0 5, 0 6, 0 7, 0 8, 0 9, 0 10, 0 11, 0 12, 0 13, 0 14, 1 14, 2 14, 3 14, 4 14, 4 15, 4 16, 5 16, 6 16, 7 16], [0 3, 0 4, 0 5, 0 6, 0 7, 0 8, 0 9, 0 10, 0 11, 0 12, 0 13, 0 14, 1 14, 2 14, 3 14, 4 14, 5 14, 6 14, 6 15, 7 15, 8 15], [0 3, 0 4, 0 5, 0 6, 0 7, 0 8, 0 9, 0 10, 0 11, 0 12, 0 13, 0 14, 1 14, 2 14, 3 14, 4 14, 5 14, 6 14, 7 14, 8 14, 9 14]]
Pathstime:[[0 3, 0 4, 0 5, 0 6, 0 7, 0 8, 0 9, 0 10, 0 11, 0 12, 0 13, 0 14, 0 15, 0 16, 0 17, 1 17, 2 17, 3 17, 4 17, 5 17, 6 17, 6 18], [0 3, 0 4, 0 5, 0 6, 0 7, 0 8, 0 9, 0 10, 0 11, 0 12, 0 13, 0 14, 0 15, 0 16, 0 17, 1 17, 2 17, 3 17, 4 17, 5 17, 6 17, 7 17], [0 3, 0 4, 0 5, 0 6, 0 7, 0 8, 0 9, 0 10, 0 11, 0 12, 0 13, 0 14, 1 14, 2 14, 3 14, 4 14, 5 14, 6 14, 6 15, 7 15, 8 15, 9 15]]
Iteration Number: 21
Length of paths: 3
Lenght of pathtime:4
Paths:[[0 3, 0 4, 0 5, 0 6, 0 7, 0 8, 0 9, 0 10, 0 11, 0 12, 0 13, 0 14, 0 15, 0 16, 0 17, 1 17, 2 17, 3 17, 4 17, 5 17, 6 17, 6 18], [0 3, 0 4, 0 5, 0 6, 0 7, 0 8, 0 9, 0 10, 0 11, 0 12, 0 13, 0 14, 0 15, 0 16, 0 17, 1 17, 2 17, 3 17, 4 17, 5 17, 6 17, 7 17], [0 3, 0 4, 0 5, 0 6, 0 7, 0 8, 0 9, 0 10, 0 11, 0 12, 0 13, 0 14, 1 14, 2 14, 3 14, 4 14, 5 14, 6 14, 6 15, 7 15, 8 15, 9 15]]
Pathstime:[[0 3, 0 4, 0 5, 0 6, 0 7, 0 8, 0 9, 0 10, 0 11, 0 12, 0 13, 0 14, 0 15, 0 16, 0 17, 1 17, 2 17, 3 17, 4 17, 5 17, 6 17, 6 18, 6 19], [0 3, 0 4, 0 5, 0 6, 0 7, 0 8, 0 9, 0 10, 0 11, 0 12, 0 13, 0 14, 0 15, 0 16, 0 17, 1 17, 2 17, 3 17, 4 17, 5 17, 6 17, 6 18, 7 18], [0 3, 0 4, 0 5, 0 6, 0 7, 0 8, 0 9, 0 10, 0 11, 0 12, 0 13, 0 14, 0 15, 0 16, 0 17, 1 17, 2 17, 3 17, 4 17, 5 17, 6 17, 7 17, 8 17], [0 3, 0 4, 0 5, 0 6, 0 7, 0 8, 0 9, 0 10, 0 11, 0 12, 0 13, 0 14, 1 14, 2 14, 3 14, 4 14, 5 14, 6 14, 6 15, 7 15, 8 15, 9 15, 9 16]]
Iteration Number: 22
Length of paths: 4
Lenght of pathtime:3
Paths:[[0 3, 0 4, 0 5, 0 6, 0 7, 0 8, 0 9, 0 10, 0 11, 0 12, 0 13, 0 14, 0 15, 0 16, 0 17, 1 17, 2 17, 3 17, 4 17, 5 17, 6 17, 6 18, 6 19], [0 3, 0 4, 0 5, 0 6, 0 7, 0 8, 0 9, 0 10, 0 11, 0 12, 0 13, 0 14, 0 15, 0 16, 0 17, 1 17, 2 17, 3 17, 4 17, 5 17, 6 17, 6 18, 7 18], [0 3, 0 4, 0 5, 0 6, 0 7, 0 8, 0 9, 0 10, 0 11, 0 12, 0 13, 0 14, 0 15, 0 16, 0 17, 1 17, 2 17, 3 17, 4 17, 5 17, 6 17, 7 17, 8 17], [0 3, 0 4, 0 5, 0 6, 0 7, 0 8, 0 9, 0 10, 0 11, 0 12, 0 13, 0 14, 1 14, 2 14, 3 14, 4 14, 5 14, 6 14, 6 15, 7 15, 8 15, 9 15, 9 16]]
Pathstime:[[0 3, 0 4, 0 5, 0 6, 0 7, 0 8, 0 9, 0 10, 0 11, 0 12, 0 13, 0 14, 0 15, 0 16, 0 17, 1 17, 2 17, 3 17, 4 17, 5 17, 6 17, 6 18, 6 19, 7 19], [0 3, 0 4, 0 5, 0 6, 0 7, 0 8, 0 9, 0 10, 0 11, 0 12, 0 13, 0 14, 0 15, 0 16, 0 17, 1 17, 2 17, 3 17, 4 17, 5 17, 6 17, 6 18, 7 18, 8 18], [0 3, 0 4, 0 5, 0 6, 0 7, 0 8, 0 9, 0 10, 0 11, 0 12, 0 13, 0 14, 0 15, 0 16, 0 17, 1 17, 2 17, 3 17, 4 17, 5 17, 6 17, 7 17, 8 17, 9 17]]
Iteration Number: 23
Length of paths: 3
Lenght of pathtime:5
Paths:[[0 3, 0 4, 0 5, 0 6, 0 7, 0 8, 0 9, 0 10, 0 11, 0 12, 0 13, 0 14, 0 15, 0 16, 0 17, 1 17, 2 17, 3 17, 4 17, 5 17, 6 17, 6 18, 6 19, 7 19], [0 3, 0 4, 0 5, 0 6, 0 7, 0 8, 0 9, 0 10, 0 11, 0 12, 0 13, 0 14, 0 15, 0 16, 0 17, 1 17, 2 17, 3 17, 4 17, 5 17, 6 17, 6 18, 7 18, 8 18], [0 3, 0 4, 0 5, 0 6, 0 7, 0 8, 0 9, 0 10, 0 11, 0 12, 0 13, 0 14, 0 15, 0 16, 0 17, 1 17, 2 17, 3 17, 4 17, 5 17, 6 17, 7 17, 8 17, 9 17]]
Pathstime:[[0 3, 0 4, 0 5, 0 6, 0 7, 0 8, 0 9, 0 10, 0 11, 0 12, 0 13, 0 14, 0 15, 0 16, 0 17, 1 17, 2 17, 3 17, 4 17, 5 17, 6 17, 6 18, 6 19, 7 19, 8 19], [0 3, 0 4, 0 5, 0 6, 0 7, 0 8, 0 9, 0 10, 0 11, 0 12, 0 13, 0 14, 0 15, 0 16, 0 17, 1 17, 2 17, 3 17, 4 17, 5 17, 6 17, 6 18, 7 18, 8 18, 9 18], [0 3, 0 4, 0 5, 0 6, 0 7, 0 8, 0 9, 0 10, 0 11, 0 12, 0 13, 0 14, 0 15, 0 16, 0 17, 1 17, 2 17, 3 17, 4 17, 5 17, 6 17, 6 18, 7 18, 8 18, 9 18], [0 3, 0 4, 0 5, 0 6, 0 7, 0 8, 0 9, 0 10, 0 11, 0 12, 0 13, 0 14, 0 15, 0 16, 0 17, 1 17, 2 17, 3 17, 4 17, 5 17, 6 17, 7 17, 8 17, 9 17, 9 18], [0 3, 0 4, 0 5, 0 6, 0 7, 0 8, 0 9, 0 10, 0 11, 0 12, 0 13, 0 14, 0 15, 0 16, 0 17, 1 17, 2 17, 3 17, 4 17, 5 17, 6 17, 7 17, 8 17, 9 17, 9 18]]
Iteration Number: 0
Length of paths: 1
Lenght of pathtime:3
Paths:[[0 3]]
Pathstime:[[0 3, 0 4], [0 3, 0 2], [0 3, 1 3]]
Iteration Number: 1
Length of paths: 3
Lenght of pathtime:4
Paths:[[0 3, 0 4], [0 3, 0 2], [0 3, 1 3]]
Pathstime:[[0 3, 0 4, 0 5], [0 3, 0 2, 0 1], [0 3, 0 2, 1 2], [0 3, 1 3, 2 3]]
Iteration Number: 2
Length of paths: 4
Lenght of pathtime:6
Paths:[[0 3, 0 4, 0 5], [0 3, 0 2, 0 1], [0 3, 0 2, 1 2], [0 3, 1 3, 2 3]]
Pathstime:[[0 3, 0 4, 0 5, 0 6], [0 3, 0 4, 0 5, 1 5], [0 3, 0 2, 0 1, 0 0], [0 3, 0 2, 0 1, 1 1], [0 3, 0 2, 1 2, 2 2], [0 3, 1 3, 2 3, 2 4]]
Iteration Number: 3
Length of paths: 6
Lenght of pathtime:6
Paths:[[0 3, 0 4, 0 5, 0 6], [0 3, 0 4, 0 5, 1 5], [0 3, 0 2, 0 1, 0 0], [0 3, 0 2, 0 1, 1 1], [0 3, 0 2, 1 2, 2 2], [0 3, 1 3, 2 3, 2 4]]
Pathstime:[[0 3, 0 4, 0 5, 0 6, 0 7], [0 3, 0 4, 0 5, 0 6, 1 6], [0 3, 0 2, 0 1, 0 0, 1 0], [0 3, 0 2, 0 1, 1 1, 2 1], [0 3, 0 2, 1 2, 2 2, 3 2], [0 3, 1 3, 2 3, 2 4, 3 4]]
Iteration Number: 4
Length of paths: 6
Lenght of pathtime:6
Paths:[[0 3, 0 4, 0 5, 0 6, 0 7], [0 3, 0 4, 0 5, 0 6, 1 6], [0 3, 0 2, 0 1, 0 0, 1 0], [0 3, 0 2, 0 1, 1 1, 2 1], [0 3, 0 2, 1 2, 2 2, 3 2], [0 3, 1 3, 2 3, 2 4, 3 4]]
Pathstime:[[0 3, 0 4, 0 5, 0 6, 0 7, 0 8], [0 3, 0 4, 0 5, 0 6, 0 7, 1 7], [0 3, 0 4, 0 5, 0 6, 1 6, 2 6], [0 3, 0 2, 0 1, 1 1, 2 1, 3 1], [0 3, 1 3, 2 3, 2 4, 3 4, 3 5], [0 3, 1 3, 2 3, 2 4, 3 4, 4 4]]
Iteration Number: 5
Length of paths: 6
Lenght of pathtime:6
Paths:[[0 3, 0 4, 0 5, 0 6, 0 7, 0 8], [0 3, 0 4, 0 5, 0 6, 0 7, 1 7], [0 3, 0 4, 0 5, 0 6, 1 6, 2 6], [0 3, 0 2, 0 1, 1 1, 2 1, 3 1], [0 3, 1 3, 2 3, 2 4, 3 4, 3 5], [0 3, 1 3, 2 3, 2 4, 3 4, 4 4]]
Pathstime:[[0 3, 0 4, 0 5, 0 6, 0 7, 0 8, 0 9], [0 3, 0 4, 0 5, 0 6, 0 7, 0 8, 1 8], [0 3, 0 4, 0 5, 0 6, 0 7, 1 7, 2 7], [0 3, 0 2, 0 1, 1 1, 2 1, 3 1, 3 0], [0 3, 0 2, 0 1, 1 1, 2 1, 3 1, 4 1], [0 3, 1 3, 2 3, 2 4, 3 4, 3 5, 4 5]]
Iteration Number: 6
Length of paths: 6
Lenght of pathtime:5
Paths:[[0 3, 0 4, 0 5, 0 6, 0 7, 0 8, 0 9], [0 3, 0 4, 0 5, 0 6, 0 7, 0 8, 1 8], [0 3, 0 4, 0 5, 0 6, 0 7, 1 7, 2 7], [0 3, 0 2, 0 1, 1 1, 2 1, 3 1, 3 0], [0 3, 0 2, 0 1, 1 1, 2 1, 3 1, 4 1], [0 3, 1 3, 2 3, 2 4, 3 4, 3 5, 4 5]]
Pathstime:[[0 3, 0 4, 0 5, 0 6, 0 7, 0 8, 0 9, 0 10], [0 3, 0 4, 0 5, 0 6, 0 7, 1 7, 2 7, 3 7], [0 3, 0 2, 0 1, 1 1, 2 1, 3 1, 3 0, 4 0], [0 3, 0 2, 0 1, 1 1, 2 1, 3 1, 4 1, 5 1], [0 3, 1 3, 2 3, 2 4, 3 4, 3 5, 4 5, 5 5]]
Iteration Number: 7
Length of paths: 5
Lenght of pathtime:5
Paths:[[0 3, 0 4, 0 5, 0 6, 0 7, 0 8, 0 9, 0 10], [0 3, 0 4, 0 5, 0 6, 0 7, 1 7, 2 7, 3 7], [0 3, 0 2, 0 1, 1 1, 2 1, 3 1, 3 0, 4 0], [0 3, 0 2, 0 1, 1 1, 2 1, 3 1, 4 1, 5 1], [0 3, 1 3, 2 3, 2 4, 3 4, 3 5, 4 5, 5 5]]
Pathstime:[[0 3, 0 4, 0 5, 0 6, 0 7, 0 8, 0 9, 0 10, 0 11], [0 3, 0 4, 0 5, 0 6, 0 7, 0 8, 0 9, 0 10, 1 10], [0 3, 0 2, 0 1, 1 1, 2 1, 3 1, 3 0, 4 0, 5 0], [0 3, 0 2, 0 1, 1 1, 2 1, 3 1, 4 1, 5 1, 6 1], [0 3, 1 3, 2 3, 2 4, 3 4, 3 5, 4 5, 5 5, 5 6]]
Iteration Number: 8
Length of paths: 5
Lenght of pathtime:5
Paths:[[0 3, 0 4, 0 5, 0 6, 0 7, 0 8, 0 9, 0 10, 0 11], [0 3, 0 4, 0 5, 0 6, 0 7, 0 8, 0 9, 0 10, 1 10], [0 3, 0 2, 0 1, 1 1, 2 1, 3 1, 3 0, 4 0, 5 0], [0 3, 0 2, 0 1, 1 1, 2 1, 3 1, 4 1, 5 1, 6 1], [0 3, 1 3, 2 3, 2 4, 3 4, 3 5, 4 5, 5 5, 5 6]]
Pathstime:[[0 3, 0 4, 0 5, 0 6, 0 7, 0 8, 0 9, 0 10, 0 11, 0 12], [0 3, 0 4, 0 5, 0 6, 0 7, 0 8, 0 9, 0 10, 1 10, 2 10], [0 3, 0 2, 0 1, 1 1, 2 1, 3 1, 3 0, 4 0, 5 0, 6 0], [0 3, 0 2, 0 1, 1 1, 2 1, 3 1, 4 1, 5 1, 6 1, 6 2], [0 3, 0 2, 0 1, 1 1, 2 1, 3 1, 4 1, 5 1, 6 1, 7 1]]
Iteration Number: 0
Length of paths: 1
Lenght of pathtime:3
Paths:[[0 3]]
Pathstime:[[0 3, 0 4], [0 3, 0 2], [0 3, 1 3]]
Iteration Number: 1
Length of paths: 3
Lenght of pathtime:5
Paths:[[0 3, 0 4], [0 3, 0 2], [0 3, 1 3]]
Pathstime:[[0 3, 0 4, 0 5], [0 3, 0 4, 1 4], [0 3, 0 2, 0 1], [0 3, 0 2, 1 2], [0 3, 1 3, 2 3]]
Iteration Number: 2
Length of paths: 5
Lenght of pathtime:7
Paths:[[0 3, 0 4, 0 5], [0 3, 0 4, 1 4], [0 3, 0 2, 0 1], [0 3, 0 2, 1 2], [0 3, 1 3, 2 3]]
Pathstime:[[0 3, 0 4, 0 5, 0 6], [0 3, 0 4, 0 5, 1 5], [0 3, 0 4, 1 4, 2 4], [0 3, 0 2, 0 1, 0 0], [0 3, 0 2, 0 1, 1 1], [0 3, 0 2, 1 2, 2 2], [0 3, 1 3, 2 3, 3 3]]
Iteration Number: 3
Length of paths: 7
Lenght of pathtime:7
Paths:[[0 3, 0 4, 0 5, 0 6], [0 3, 0 4, 0 5, 1 5], [0 3, 0 4, 1 4, 2 4], [0 3, 0 2, 0 1, 0 0], [0 3, 0 2, 0 1, 1 1], [0 3, 0 2, 1 2, 2 2], [0 3, 1 3, 2 3, 3 3]]
Pathstime:[[0 3, 0 4, 0 5, 0 6, 0 7], [0 3, 0 4, 0 5, 0 6, 1 6], [0 3, 0 4, 1 4, 2 4, 3 4], [0 3, 0 2, 0 1, 0 0, 1 0], [0 3, 0 2, 0 1, 1 1, 2 1], [0 3, 0 2, 1 2, 2 2, 3 2], [0 3, 1 3, 2 3, 3 3, 4 3]]
Iteration Number: 4
Length of paths: 7
Lenght of pathtime:6
Paths:[[0 3, 0 4, 0 5, 0 6, 0 7], [0 3, 0 4, 0 5, 0 6, 1 6], [0 3, 0 4, 1 4, 2 4, 3 4], [0 3, 0 2, 0 1, 0 0, 1 0], [0 3, 0 2, 0 1, 1 1, 2 1], [0 3, 0 2, 1 2, 2 2, 3 2], [0 3, 1 3, 2 3, 3 3, 4 3]]
Pathstime:[[0 3, 0 4, 0 5, 0 6, 0 7, 0 8], [0 3, 0 4, 0 5, 0 6, 0 7, 1 7], [0 3, 0 4, 0 5, 0 6, 1 6, 2 6], [0 3, 0 2, 0 1, 0 0, 1 0, 2 0], [0 3, 0 2, 0 1, 1 1, 2 1, 3 1], [0 3, 0 2, 1 2, 2 2, 3 2, 4 2]]
Iteration Number: 0
Length of paths: 1
Lenght of pathtime:2
Paths:[[1 5]]
Pathstime:[[1 5, 0 5], [1 5, 1 6]]
Iteration Number: 1
Length of paths: 2
Lenght of pathtime:4
Paths:[[1 5, 0 5], [1 5, 1 6]]
Pathstime:[[1 5, 0 5, 0 6], [1 5, 0 5, 0 4], [1 5, 1 6, 1 7], [1 5, 1 6, 2 6]]
Iteration Number: 2
Length of paths: 4
Lenght of pathtime:4
Paths:[[1 5, 0 5, 0 6], [1 5, 0 5, 0 4], [1 5, 1 6, 1 7], [1 5, 1 6, 2 6]]
Pathstime:[[1 5, 0 5, 0 6, 0 7], [1 5, 0 5, 0 4, 0 3], [1 5, 1 6, 1 7, 1 8], [1 5, 1 6, 1 7, 2 7]]
Iteration Number: 3
Length of paths: 4
Lenght of pathtime:4
Paths:[[1 5, 0 5, 0 6, 0 7], [1 5, 0 5, 0 4, 0 3], [1 5, 1 6, 1 7, 1 8], [1 5, 1 6, 1 7, 2 7]]
Pathstime:[[1 5, 0 5, 0 6, 0 7, 0 8], [1 5, 0 5, 0 4, 0 3, 0 2], [1 5, 1 6, 1 7, 1 8, 1 9], [1 5, 1 6, 1 7, 2 7, 3 7]]
Iteration Number: 4
Length of paths: 4
Lenght of pathtime:6
Paths:[[1 5, 0 5, 0 6, 0 7, 0 8], [1 5, 0 5, 0 4, 0 3, 0 2], [1 5, 1 6, 1 7, 1 8, 1 9], [1 5, 1 6, 1 7, 2 7, 3 7]]
Pathstime:[[1 5, 0 5, 0 6, 0 7, 0 8, 0 9], [1 5, 0 5, 0 4, 0 3, 0 2, 0 1], [1 5, 0 5, 0 4, 0 3, 0 2, 1 2], [1 5, 1 6, 1 7, 1 8, 1 9, 1 10], [1 5, 1 6, 1 7, 1 8, 1 9, 2 9], [1 5, 1 6, 1 7, 2 7, 3 7, 4 7]]
Iteration Number: 5
Length of paths: 6
Lenght of pathtime:8
Paths:[[1 5, 0 5, 0 6, 0 7, 0 8, 0 9], [1 5, 0 5, 0 4, 0 3, 0 2, 0 1], [1 5, 0 5, 0 4, 0 3, 0 2, 1 2], [1 5, 1 6, 1 7, 1 8, 1 9, 1 10], [1 5, 1 6, 1 7, 1 8, 1 9, 2 9], [1 5, 1 6, 1 7, 2 7, 3 7, 4 7]]
Pathstime:[[1 5, 0 5, 0 6, 0 7, 0 8, 0 9, 0 10], [1 5, 0 5, 0 4, 0 3, 0 2, 0 1, 0 0], [1 5, 0 5, 0 4, 0 3, 0 2, 1 2, 2 2], [1 5, 1 6, 1 7, 1 8, 1 9, 1 10, 1 11], [1 5, 1 6, 1 7, 1 8, 1 9, 1 10, 2 10], [1 5, 1 6, 1 7, 1 8, 1 9, 2 9, 3 9], [1 5, 1 6, 1 7, 2 7, 3 7, 4 7, 4 8], [1 5, 1 6, 1 7, 2 7, 3 7, 4 7, 5 7]]
Iteration Number: 6
Length of paths: 8
Lenght of pathtime:8
Paths:[[1 5, 0 5, 0 6, 0 7, 0 8, 0 9, 0 10], [1 5, 0 5, 0 4, 0 3, 0 2, 0 1, 0 0], [1 5, 0 5, 0 4, 0 3, 0 2, 1 2, 2 2], [1 5, 1 6, 1 7, 1 8, 1 9, 1 10, 1 11], [1 5, 1 6, 1 7, 1 8, 1 9, 1 10, 2 10], [1 5, 1 6, 1 7, 1 8, 1 9, 2 9, 3 9], [1 5, 1 6, 1 7, 2 7, 3 7, 4 7, 4 8], [1 5, 1 6, 1 7, 2 7, 3 7, 4 7, 5 7]]
Pathstime:[[1 5, 0 5, 0 6, 0 7, 0 8, 0 9, 0 10, 0 11], [1 5, 0 5, 0 4, 0 3, 0 2, 1 2, 2 2, 2 3], [1 5, 0 5, 0 4, 0 3, 0 2, 1 2, 2 2, 2 1], [1 5, 0 5, 0 4, 0 3, 0 2, 1 2, 2 2, 3 2], [1 5, 1 6, 1 7, 1 8, 1 9, 1 10, 1 11, 1 12], [1 5, 1 6, 1 7, 1 8, 1 9, 1 10, 1 11, 2 11], [1 5, 1 6, 1 7, 2 7, 3 7, 4 7, 4 8, 5 8], [1 5, 1 6, 1 7, 2 7, 3 7, 4 7, 5 7, 5 6]]
Iteration Number: 7
Length of paths: 8
Lenght of pathtime:10
Paths:[[1 5, 0 5, 0 6, 0 7, 0 8, 0 9, 0 10, 0 11], [1 5, 0 5, 0 4, 0 3, 0 2, 1 2, 2 2, 2 3], [1 5, 0 5, 0 4, 0 3, 0 2, 1 2, 2 2, 2 1], [1 5, 0 5, 0 4, 0 3, 0 2, 1 2, 2 2, 3 2], [1 5, 1 6, 1 7, 1 8, 1 9, 1 10, 1 11, 1 12], [1 5, 1 6, 1 7, 1 8, 1 9, 1 10, 1 11, 2 11], [1 5, 1 6, 1 7, 2 7, 3 7, 4 7, 4 8, 5 8], [1 5, 1 6, 1 7, 2 7, 3 7, 4 7, 5 7, 5 6]]
Pathstime:[[1 5, 0 5, 0 6, 0 7, 0 8, 0 9, 0 10, 0 11, 0 12], [1 5, 0 5, 0 4, 0 3, 0 2, 1 2, 2 2, 2 3, 2 4], [1 5, 0 5, 0 4, 0 3, 0 2, 1 2, 2 2, 2 3, 3 3], [1 5, 0 5, 0 4, 0 3, 0 2, 1 2, 2 2, 2 1, 2 0], [1 5, 0 5, 0 4, 0 3, 0 2, 1 2, 2 2, 2 1, 3 1], [1 5, 0 5, 0 4, 0 3, 0 2, 1 2, 2 2, 3 2, 4 2], [1 5, 1 6, 1 7, 1 8, 1 9, 1 10, 1 11, 1 12, 2 12], [1 5, 1 6, 1 7, 1 8, 1 9, 1 10, 1 11, 2 11, 3 11], [1 5, 1 6, 1 7, 2 7, 3 7, 4 7, 4 8, 5 8, 6 8], [1 5, 1 6, 1 7, 2 7, 3 7, 4 7, 5 7, 5 6, 6 6]]
Iteration Number: 8
Length of paths: 10
Lenght of pathtime:9
Paths:[[1 5, 0 5, 0 6, 0 7, 0 8, 0 9, 0 10, 0 11, 0 12], [1 5, 0 5, 0 4, 0 3, 0 2, 1 2, 2 2, 2 3, 2 4], [1 5, 0 5, 0 4, 0 3, 0 2, 1 2, 2 2, 2 3, 3 3], [1 5, 0 5, 0 4, 0 3, 0 2, 1 2, 2 2, 2 1, 2 0], [1 5, 0 5, 0 4, 0 3, 0 2, 1 2, 2 2, 2 1, 3 1], [1 5, 0 5, 0 4, 0 3, 0 2, 1 2, 2 2, 3 2, 4 2], [1 5, 1 6, 1 7, 1 8, 1 9, 1 10, 1 11, 1 12, 2 12], [1 5, 1 6, 1 7, 1 8, 1 9, 1 10, 1 11, 2 11, 3 11], [1 5, 1 6, 1 7, 2 7, 3 7, 4 7, 4 8, 5 8, 6 8], [1 5, 1 6, 1 7, 2 7, 3 7, 4 7, 5 7, 5 6, 6 6]]
Pathstime:[[1 5, 0 5, 0 6, 0 7, 0 8, 0 9, 0 10, 0 11, 0 12, 0 13], [1 5, 0 5, 0 4, 0 3, 0 2, 1 2, 2 2, 2 3, 3 3, 4 3], [1 5, 0 5, 0 4, 0 3, 0 2, 1 2, 2 2, 2 1, 2 0, 3 0], [1 5, 0 5, 0 4, 0 3, 0 2, 1 2, 2 2, 2 1, 3 1, 4 1], [1 5, 0 5, 0 4, 0 3, 0 2, 1 2, 2 2, 3 2, 4 2, 5 2], [1 5, 1 6, 1 7, 1 8, 1 9, 1 10, 1 11, 1 12, 2 12, 2 13], [1 5, 1 6, 1 7, 1 8, 1 9, 1 10, 1 11, 1 12, 2 12, 3 12], [1 5, 1 6, 1 7, 2 7, 3 7, 4 7, 4 8, 5 8, 6 8, 6 9], [1 5, 1 6, 1 7, 2 7, 3 7, 4 7, 5 7, 5 6, 6 6, 6 5]]
Iteration Number: 9
Length of paths: 9
Lenght of pathtime:11
Paths:[[1 5, 0 5, 0 6, 0 7, 0 8, 0 9, 0 10, 0 11, 0 12, 0 13], [1 5, 0 5, 0 4, 0 3, 0 2, 1 2, 2 2, 2 3, 3 3, 4 3], [1 5, 0 5, 0 4, 0 3, 0 2, 1 2, 2 2, 2 1, 2 0, 3 0], [1 5, 0 5, 0 4, 0 3, 0 2, 1 2, 2 2, 2 1, 3 1, 4 1], [1 5, 0 5, 0 4, 0 3, 0 2, 1 2, 2 2, 3 2, 4 2, 5 2], [1 5, 1 6, 1 7, 1 8, 1 9, 1 10, 1 11, 1 12, 2 12, 2 13], [1 5, 1 6, 1 7, 1 8, 1 9, 1 10, 1 11, 1 12, 2 12, 3 12], [1 5, 1 6, 1 7, 2 7, 3 7, 4 7, 4 8, 5 8, 6 8, 6 9], [1 5, 1 6, 1 7, 2 7, 3 7, 4 7, 5 7, 5 6, 6 6, 6 5]]
Pathstime:[[1 5, 0 5, 0 6, 0 7, 0 8, 0 9, 0 10, 0 11, 0 12, 0 13, 0 14], [1 5, 0 5, 0 4, 0 3, 0 2, 1 2, 2 2, 2 3, 3 3, 4 3, 4 4], [1 5, 0 5, 0 4, 0 3, 0 2, 1 2, 2 2, 2 1, 2 0, 3 0, 4 0], [1 5, 0 5, 0 4, 0 3, 0 2, 1 2, 2 2, 2 1, 3 1, 4 1, 5 1], [1 5, 0 5, 0 4, 0 3, 0 2, 1 2, 2 2, 3 2, 4 2, 5 2, 6 2], [1 5, 1 6, 1 7, 1 8, 1 9, 1 10, 1 11, 1 12, 2 12, 2 13, 2 14], [1 5, 1 6, 1 7, 1 8, 1 9, 1 10, 1 11, 1 12, 2 12, 2 13, 3 13], [1 5, 1 6, 1 7, 1 8, 1 9, 1 10, 1 11, 1 12, 2 12, 3 12, 4 12], [1 5, 1 6, 1 7, 2 7, 3 7, 4 7, 4 8, 5 8, 6 8, 6 9, 6 10], [1 5, 1 6, 1 7, 2 7, 3 7, 4 7, 4 8, 5 8, 6 8, 6 9, 7 9], [1 5, 1 6, 1 7, 2 7, 3 7, 4 7, 5 7, 5 6, 6 6, 6 5, 6 4]]
Iteration Number: 10
Length of paths: 11
Lenght of pathtime:15
Paths:[[1 5, 0 5, 0 6, 0 7, 0 8, 0 9, 0 10, 0 11, 0 12, 0 13, 0 14], [1 5, 0 5, 0 4, 0 3, 0 2, 1 2, 2 2, 2 3, 3 3, 4 3, 4 4], [1 5, 0 5, 0 4, 0 3, 0 2, 1 2, 2 2, 2 1, 2 0, 3 0, 4 0], [1 5, 0 5, 0 4, 0 3, 0 2, 1 2, 2 2, 2 1, 3 1, 4 1, 5 1], [1 5, 0 5, 0 4, 0 3, 0 2, 1 2, 2 2, 3 2, 4 2, 5 2, 6 2], [1 5, 1 6, 1 7, 1 8, 1 9, 1 10, 1 11, 1 12, 2 12, 2 13, 2 14], [1 5, 1 6, 1 7, 1 8, 1 9, 1 10, 1 11, 1 12, 2 12, 2 13, 3 13], [1 5, 1 6, 1 7, 1 8, 1 9, 1 10, 1 11, 1 12, 2 12, 3 12, 4 12], [1 5, 1 6, 1 7, 2 7, 3 7, 4 7, 4 8, 5 8, 6 8, 6 9, 6 10], [1 5, 1 6, 1 7, 2 7, 3 7, 4 7, 4 8, 5 8, 6 8, 6 9, 7 9], [1 5, 1 6, 1 7, 2 7, 3 7, 4 7, 5 7, 5 6, 6 6, 6 5, 6 4]]
Pathstime:[[1 5, 0 5, 0 6, 0 7, 0 8, 0 9, 0 10, 0 11, 0 12, 0 13, 0 14, 0 15], [1 5, 0 5, 0 6, 0 7, 0 8, 0 9, 0 10, 0 11, 0 12, 0 13, 0 14, 1 14], [1 5, 0 5, 0 4, 0 3, 0 2, 1 2, 2 2, 2 3, 3 3, 4 3, 4 4, 4 5], [1 5, 0 5, 0 4, 0 3, 0 2, 1 2, 2 2, 2 3, 3 3, 4 3, 4 4, 5 4], [1 5, 0 5, 0 4, 0 3, 0 2, 1 2, 2 2, 2 1, 2 0, 3 0, 4 0, 5 0], [1 5, 0 5, 0 4, 0 3, 0 2, 1 2, 2 2, 2 1, 3 1, 4 1, 5 1, 6 1], [1 5, 0 5, 0 4, 0 3, 0 2, 1 2, 2 2, 3 2, 4 2, 5 2, 6 2, 7 2], [1 5, 1 6, 1 7, 1 8, 1 9, 1 10, 1 11, 1 12, 2 12, 2 13, 2 14, 2 15], [1 5, 1 6, 1 7, 1 8, 1 9, 1 10, 1 11, 1 12, 2 12, 2 13, 3 13, 4 13], [1 5, 1 6, 1 7, 1 8, 1 9, 1 10, 1 11, 1 12, 2 12, 3 12, 4 12, 5 12], [1 5, 1 6, 1 7, 2 7, 3 7, 4 7, 4 8, 5 8, 6 8, 6 9, 6 10, 5 10], [1 5, 1 6, 1 7, 2 7, 3 7, 4 7, 4 8, 5 8, 6 8, 6 9, 6 10, 6 11], [1 5, 1 6, 1 7, 2 7, 3 7, 4 7, 4 8, 5 8, 6 8, 6 9, 6 10, 7 10], [1 5, 1 6, 1 7, 2 7, 3 7, 4 7, 4 8, 5 8, 6 8, 6 9, 7 9, 8 9], [1 5, 1 6, 1 7, 2 7, 3 7, 4 7, 5 7, 5 6, 6 6, 6 5, 6 4, 7 4]]
Iteration Number: 11
Length of paths: 15
Lenght of pathtime:17
Paths:[[1 5, 0 5, 0 6, 0 7, 0 8, 0 9, 0 10, 0 11, 0 12, 0 13, 0 14, 0 15], [1 5, 0 5, 0 6, 0 7, 0 8, 0 9, 0 10, 0 11, 0 12, 0 13, 0 14, 1 14], [1 5, 0 5, 0 4, 0 3, 0 2, 1 2, 2 2, 2 3, 3 3, 4 3, 4 4, 4 5], [1 5, 0 5, 0 4, 0 3, 0 2, 1 2, 2 2, 2 3, 3 3, 4 3, 4 4, 5 4], [1 5, 0 5, 0 4, 0 3, 0 2, 1 2, 2 2, 2 1, 2 0, 3 0, 4 0, 5 0], [1 5, 0 5, 0 4, 0 3, 0 2, 1 2, 2 2, 2 1, 3 1, 4 1, 5 1, 6 1], [1 5, 0 5, 0 4, 0 3, 0 2, 1 2, 2 2, 3 2, 4 2, 5 2, 6 2, 7 2], [1 5, 1 6, 1 7, 1 8, 1 9, 1 10, 1 11, 1 12, 2 12, 2 13, 2 14, 2 15], [1 5, 1 6, 1 7, 1 8, 1 9, 1 10, 1 11, 1 12, 2 12, 2 13, 3 13, 4 13], [1 5, 1 6, 1 7, 1 8, 1 9, 1 10, 1 11, 1 12, 2 12, 3 12, 4 12, 5 12], [1 5, 1 6, 1 7, 2 7, 3 7, 4 7, 4 8, 5 8, 6 8, 6 9, 6 10, 5 10], [1 5, 1 6, 1 7, 2 7, 3 7, 4 7, 4 8, 5 8, 6 8, 6 9, 6 10, 6 11], [1 5, 1 6, 1 7, 2 7, 3 7, 4 7, 4 8, 5 8, 6 8, 6 9, 6 10, 7 10], [1 5, 1 6, 1 7, 2 7, 3 7, 4 7, 4 8, 5 8, 6 8, 6 9, 7 9, 8 9], [1 5, 1 6, 1 7, 2 7, 3 7, 4 7, 5 7, 5 6, 6 6, 6 5, 6 4, 7 4]]
Pathstime:[[1 5, 0 5, 0 6, 0 7, 0 8, 0 9, 0 10, 0 11, 0 12, 0 13, 0 14, 0 15, 0 16], [1 5, 0 5, 0 6, 0 7, 0 8, 0 9, 0 10, 0 11, 0 12, 0 13, 0 14, 0 15, 1 15], [1 5, 0 5, 0 4, 0 3, 0 2, 1 2, 2 2, 2 3, 3 3, 4 3, 4 4, 4 5, 3 5], [1 5, 0 5, 0 4, 0 3, 0 2, 1 2, 2 2, 2 1, 2 0, 3 0, 4 0, 5 0, 6 0], [1 5, 0 5, 0 4, 0 3, 0 2, 1 2, 2 2, 3 2, 4 2, 5 2, 6 2, 7 2, 7 3], [1 5, 0 5, 0 4, 0 3, 0 2, 1 2, 2 2, 3 2, 4 2, 5 2, 6 2, 7 2, 8 2], [1 5, 1 6, 1 7, 1 8, 1 9, 1 10, 1 11, 1 12, 2 12, 2 13, 2 14, 2 15, 3 15], [1 5, 1 6, 1 7, 1 8, 1 9, 1 10, 1 11, 1 12, 2 12, 3 12, 4 12, 5 12, 5 11], [1 5, 1 6, 1 7, 1 8, 1 9, 1 10, 1 11, 1 12, 2 12, 3 12, 4 12, 5 12, 5 11], [1 5, 1 6, 1 7, 1 8, 1 9, 1 10, 1 11, 1 12, 2 12, 3 12, 4 12, 5 12, 6 12], [1 5, 1 6, 1 7, 2 7, 3 7, 4 7, 4 8, 5 8, 6 8, 6 9, 6 10, 5 10, 5 11], [1 5, 1 6, 1 7, 2 7, 3 7, 4 7, 4 8, 5 8, 6 8, 6 9, 6 10, 5 10, 5 11], [1 5, 1 6, 1 7, 2 7, 3 7, 4 7, 4 8, 5 8, 6 8, 6 9, 6 10, 6 11, 5 11], [1 5, 1 6, 1 7, 2 7, 3 7, 4 7, 4 8, 5 8, 6 8, 6 9, 6 10, 6 11, 5 11], [1 5, 1 6, 1 7, 2 7, 3 7, 4 7, 4 8, 5 8, 6 8, 6 9, 6 10, 7 10, 8 10], [1 5, 1 6, 1 7, 2 7, 3 7, 4 7, 4 8, 5 8, 6 8, 6 9, 7 9, 8 9, 8 8], [1 5, 1 6, 1 7, 2 7, 3 7, 4 7, 5 7, 5 6, 6 6, 6 5, 6 4, 7 4, 8 4]]
